307
306
307
306
306
305
305
305
304
303
303
303
302
301
298
297
301
305
300
300
304
302
300
300
304
302
300
302
300
301
300
298
309
303
302
300
301
303
300
300
307
300
305
299
300
300
301
306
301
297
308
301
300
300
299
304
306
299
302
299
303
308
297
303
301
297
307
301
301
300
301
304
302
302
299
300
303
301
299
302
301
304
302
300
301
308
299
300
303
299
304
302
299
299
301
302
300
302
301
300
304
296
309
298
301
301
307
299
300
302
301
300
300
302
303
300
301
299
302
304
298
300
303
304
300
299
299
306
301
299
301
300
300
307
300
300
304
300
302
304
302
301
300
300
302
303
296
304
306
303
300
298
299
300
307
296
307
302
301
302
301
300
302
302
300
302
304
300
301
301
302
302
302
302
300
300
301
302
301
298
305
299
298
303
302
300
302
305
302
297
300
308
309
297
298
293
305
311
299
303
296
299
308
296
304
309
296
298
300
303
302
304
301
304
300
302
302
303
301
297
305
302
297
303
296
297
302
301
299
303
305
301
304
308
298
303
306
303
299
306
304
304
301
299
304
300
300
301
301
299
302
296
309
301
296
301
305
304
300
298
301
299
304
302
298
302
300
299
302
303
301
301
301
301
303
307
299
301
302
301
304
302
301
303
302
301
302
303
289
317
294
312
296
299
299
299
302
297
314
300
297
302
301
300
302
298
305
301
300
301
292
315
302
299
302
303
301
301
303
305
301
298
307
302
292
309
305
310
297
297
293
311
299
298
301
306
304
300
304
299
306
300
304
303
298
296
303
304
301
298
304
300
300
302
303
302
301
303
302
300
296
314
294
303
301
301
303
297
314
299
298
300
302
301
299
293
322
296
307
289
305
312
296
297
303
299
299
315
293
292
311
302
301
304
296
295
302
317
291
304
296
299
297
321
294
277
312
276
353
320
267
298
304
318
278
308
291
304
309
354
269
308
287
301
304
310
278
337
291
312
276
308
338
282
278
340
293
300
283
302
316
304
303
303
296
299
322
263
324
317
297
318
287
293
295
323
269
327
261
328
326
289
303
282
262
329
259
338
299
275
304
299
306
273
299
330
283
291
300
252
381
303
265
323
311
261
292
334
271
294
304
289
297
329
286
292
277
308
311
266
300
297
362
301
290
286
286
309
293
289
274
346
282
313
276
326
277
307
322
277
303
281
306
303
281
303
283
311
288
312
286
315
288
279
347
312
271
290
361
298
278
267
339
251
389
272
280
367
266
308
289
324
269
295
312
252
312
320
239
345
302
293
280
305
284
302
310
310
285
256
349
275
296
312
280
287
326
271
317
327
298
289
267
296
338
282
266
326
304
284
300
286
264
436
293
305
316
297
301
293
326
320
311
309
293
328
259
359
272
329
299
307
306
297
289
306
330
290
315
320
274
298
358
286
290
302
306
350
297
292
298
323
299
301
302
286
301
265
302
311
312
342
315
301
284
353
293
311
291
312
326
294
308
311
311
304
284
310
283
300
288
271
329
278
291
294
297
285
312
290
296
272
347
298
293
329
305
272
296
320
305
285
287
345
296
301
290
308
291
307
332
323
324
296
293
286
280
302
315
300
296
296
348
284
307
327
288
284
322
291
300
305
295
312
288
294
306
316
311
267
297
291
298
291
325
292
296
351
303
278
296
296
296
304
284
311
289
315
286
302
303
314
300
305
302
307
294
317
291
316
318
299
281
313
299
295
334
291
311
299
289
311
313
289
298
301
293
304
293
309
266
305
287
296
305
296
316
307
297
277
315
288
313
319
290
299
330
305
310
294
326
315
279
315
269
314
292
279
340
283
296
300
285
297
339
299
280
293
302
313
264
296
303
281
294
273
344
290
324
283
333
279
366
291
280
318
331
304
288
301
336
300
303
291
271
319
296
351
291
271
380
281
293
296
301
316
288
364
295
288
289
344
267
306
295
301
287
318
318
272
310
324
310
319
282
280
312
332
295
288
318
284
314
278
322
333
266
311
279
325
335
276
277
323
282
308
275
324
331
279
281
327
284
346
276
272
317
369
266
289
264
330
277
329
263
320
306
288
315
265
370
310
274
297
279
340
290
281
278
304
327
318
264
306
304
295
316
274
330
302
299
293
299
292
309
310
310
287
287
341
272
331
329
273
347
283
291
317
308
315
269
310
287
299
299
276
336
308
290
285
265
349
320
259
320
291
285
327
292
280
325
315
258
353
313
241
347
299
282
296
297
303
320
297
279
338
280
279
315
316
275
311
277
298
334
286
293
280
304
367
270
288
295
301
310
308
289
272
317
329
299
268
320
316
294
280
330
272
326
294
291
312
310
286
306
315
284
291
318
294
312
297
291
291
325
296
299
301
300
297
303
294
313
296
324
292
295
297
301
302
302
302
303
302
301
302
301
299
290
309
330
285
304
296
299
302
301
302
302
300
303
306
298
300
296
318
298
301
288
321
304
297
297
297
299
301
310
299
301
299
302
304
294
303
304
306
313
290
303
303
299
299
299
302
303
304
302
302
302
296
307
305
294
303
296
304
308
284
319
301
295
299
305
302
302
301
303
301
300
299
300
300
309
297
305
295
307
318
292
298
300
302
302
303
302
300
294
309
314
294
298
301
304
302
302
301
302
302
297
302
308
305
300
307
295
306
300
301
302
300
301
302
301
302
301
303
302
300
304
301
298
300
311
299
298
300
297
308
301
300
302
304
302
302
301
302
301
301
301
303
300
299
304
310
297
301
300
300
304
302
300
301
300
301
300
301
301
302
302
302
304
303
301
301
300
301
302
302
297
299
302
313
297
297
301
303
304
301
302
301
301
301
303
300
300
303
302
296
312
298
297
305
301
301
301
303
302
302
301
301
303
300
302
299
303
305
298
300
302
301
299
307
301
301
301
302
301
299
308
303
299
299
299
309
304
297
299
301
302
302
302
300
301
308
303
298
301
305
299
303
304
299
302
302
300
303
301
297
305
309
299
302
299
300
302
307
298
300
303
299
301
299
299
310
298
304
297
312
299
298
300
300
301
300
303
301
303
300
304
297
303
313
300
298
299
303
300
300
307
299
304
299
296
305
304
300
298
300
299
302
305
302
302
300
301
299
301
303
303
311
299
300
300
300
302
298
305
302
300
301
294
305
308
297
297
301
304
300
304
300
300
298
307
305
298
300
299
306
300
297
295
312
299
298
301
300
301
300
300
306
308
308
296
298
301
300
301
301
302
302
298
305
302
303
300
300
301
301
299
309
301
303
304
298
298
298
306
306
299
298
306
301
300
301
298
299
316
294
295
298
325
304
288
291
314
299
294
308
302
282
341
292
293
278
274
354
298
288
303
277
331
320
246
349
302
283
307
296
292
314
269
341
285
289
344
261
376
231
347
310
276
302
298
299
324
275
300
297
354
315
277
268
357
286
327
267
314
299
317
298
307
289
249
400
270
292
326
263
332
270
277
343
291
322
297
248
325
369
268
276
318
302
272
348
293
271
372
279
346
265
294
312
315
298
286
366
301
258
319
265
286
373
255
271
301
324
312
313
272
284
315
337
318
274
314
302
308
322
262
287
310
310
276
309
376
332
289
268
297
322
326
258
318
303
286
294
267
411
261
291
224
449
244
268
300
295
323
284
278
371
316
262
324
323
266
314
334
258
331
290
277
268
364
307
267
300
325
272
265
310
298
308
318
307
299
300
296
304
312
308
278
340
283
288
334
320
319
297
268
337
319
302
263
275
305
302
297
290
294
315
269
365
271
290
287
328
305
294
303
288
336
311
311
294
295
299
297
300
290
306
350
290
268
300
278
318
322
283
311
279
303
314
283
305
291
312
282
282
308
288
307
312
318
285
286
278
310
276
329
306
310
288
293
305
350
280
314
300
306
278
320
350
265
302
252
358
280
276
295
286
312
289
286
283
313
319
295
302
296
280
354
332
296
259
285
324
322
282
322
268
386
295
268
297
278
263
323
284
281
295
327
272
329
295
284
321
292
304
299
289
311
316
273
328
303
276
340
295
288
305
302
291
334
281
291
265
294
286
357
282
285
295
302
338
294
302
316
273
300
283
298
305
309
307
288
290
305
283
294
305
283
324
303
311
300
312
330
275
289
322
291
301
306
299
273
325
292
299
306
319
328
301
307
295
362
292
291
343
289
297
301
289
304
319
322
292
293
323
325
337
292
292
321
320
299
279
308
286
299
284
280
282
296
294
301
304
281
288
324
300
280
320
313
294
287
286
290
319
309
296
290
292
314
282
297
271
354
281
310
312
291
276
298
309
290
300
334
302
316
283
268
355
291
291
304
298
285
328
294
292
295
295
318
337
301
275
346
294
292
279
286
308
289
266
351
305
282
289
276
326
274
291
286
320
298
300
275
290
337
283
364
297
273
351
299
279
300
298
308
303
285
313
297
345
285
372
318
301
290
258
377
282
275
303
301
333
307
287
251
432
284
264
338
302
274
319
283
291
303
315
245
360
281
308
282
318
314
292
262
302
288
279
308
284
298
307
281
268
287
297
302
258
288
363
270
273
365
266
320
322
280
309
275
310
328
272
281
281
351
296
275
289
282
310
342
289
277
296
373
270
253
306
287
294
281
334
289
282
298
293
311
299
294
354
299
277
282
298
304
326
307
292
324
270
300
306
319
279
298
279
347
331
252
329
275
301
309
284
310
305
295
272
372
287
270
309
301
285
284
309
309
306
317
266
333
295
274
327
289
311
356
275
286
279
326
283
306
324
287
282
310
344
272
326
291
293
330
297
286
293
334
291
300
294
302
280
318
302
303
286
310
309
310
283
304
298
298
297
315
289
303
315
297
288
324
291
293
294
300
304
302
299
301
314
295
300
301
326
297
294
297
299
302
303
303
301
301
302
304
299
301
300
300
305
299
302
298
302
301
299
302
301
301
301
302
299
297
298
314
302
298
300
301
301
303
302
293
311
303
299
299
303
301
301
301
296
307
308
299
296
298
308
302
301
298
306
303
300
301
301
302
301
302
301
301
302
302
301
304
302
301
301
301
300
302
301
302
301
300
302
302
302
303
300
299
307
300
300
301
301
302
302
301
301
302
302
302
302
301
301
301
301
301
302
302
302
301
301
301
302
302
302
301
302
302
302
302
302
302
301
301
301
301
302
301
301
300
302
302
302
301
301
301
301
302
301
302
302
301
302
301
301
302
301
302
302
302
301
301
302
301
303
302
301
302
301
302
301
303
301
301
300
302
300
301
302
302
302
302
301
301
302
302
302
302
301
301
302
301
300
304
304
300
301
302
301
302
301
302
301
301
301
301
302
301
301
301
301
302
301
302
304
299
299
301
301
303
301
302
301
302
303
301
301
301
300
304
298
304
303
304
299
298
302
300
301
300
293
311
314
293
297
304
304
296
300
300
309
299
299
302
307
297
305
305
296
295
312
302
289
317
302
289
288
327
286
305
297
307
301
308
293
302
312
301
288
314
298
300
300
301
298
288
336
290
310
287
311
292
285
343
293
275
322
285
335
302
287
286
299
307
307
285
297
305
334
290
282
336
292
301
324
292
312
295
325
295
286
289
306
283
340
284
275
304
345
276
324
276
286
297
317
298
246
391
265
299
275
314
305
321
301
260
368
275
327
290
268
345
303
286
260
259
380
261
280
359
244
293
403
240
276
341
319
280
320
261
287
342
277
298
293
329
281
234
386
305
286
314
272
283
344
287
333
263
325
275
302
327
312
244
315
361
254
322
290
319
340
265
289
314
338
278
265
324
342
291
278
295
357
281
276
373
280
263
296
302
367
271
325
281
277
306
296
326
321
310
263
281
300
287
300
300
281
272
342
336
290
265
364
318
256
360
264
340
262
284
363
278
276
266
408
274
290
269
313
279
328
293
341
269
330
295
305
286
285
293
292
299
277
305
307
293
283
306
280
300
285
303
288
300
353
299
288
272
306
289
303
305
358
285
296
291
290
384
315
305
306
299
336
302
315
290
302
295
297
350
288
281
281
348
309
311
297
283
334
297
304
290
318
282
314
291
294
287
289
333
286
287
305
292
306
280
321
291
285
288
307
294
310
259
311
306
296
286
301
302
275
312
298
302
305
292
274
347
282
280
277
362
310
301
325
277
278
379
268
257
234
317
277
274
343
189
472
252
274
272
326
320
346
288
294
307
240
469
255
268
273
313
280
304
312
281
316
316
309
335
291
237
355
279
281
307
325
288
324
274
332
326
276
353
317
310
339
276
417
256
410
293
294
299
291
320
310
301
280
289
299
293
306
264
309
324
280
299
314
288
332
297
332
266
324
309
322
284
301
286
291
293
308
305
297
289
297
283
297
310
306
280
346
287
301
303
312
295
288
303
285
338
331
287
291
303
281
325
294
293
274
322
286
288
309
301
306
288
304
286
278
331
304
280
371
268
310
290
280
348
283
268
293
346
254
282
338
274
292
303
289
321
299
277
300
272
294
331
292
366
260
278
321
290
271
344
275
294
299
307
273
296
299
274
314
275
319
284
290
276
289
269
307
265
270
360
281
313
311
285
310
262
442
281
279
290
279
317
319
282
327
304
294
300
305
300
287
278
288
324
313
270
307
308
302
264
296
264
340
299
279
330
294
288
321
283
359
305
334
283
264
298
300
285
299
354
305
296
281
284
329
282
307
277
347
310
296
286
298
296
270
279
331
284
362
287
267
304
300
302
282
271
332
337
342
265
315
281
349
257
278
359
253
329
286
289
337
304
299
287
271
358
251
269
274
249
304
276
304
309
290
378
298
289
304
257
361
283
267
358
278
287
280
300
370
276
298
267
348
302
320
302
240
481
261
252
319
291
291
289
326
329
265
292
286
348
294
265
332
302
310
293
309
271
333
286
274
352
305
259
280
304
363
271
293
275
331
282
313
267
287
388
274
252
322
310
302
278
319
305
278
326
315
284
275
314
297
300
308
303
308
323
322
277
304
293
342
294
279
280
334
319
275
283
301
274
342
283
286
306
299
304
301
304
304
304
289
315
311
291
296
300
301
299
307
307
294
285
323
303
286
299
309
305
298
300
303
302
302
302
302
301
301
303
302
298
294
325
298
297
293
299
331
294
301
297
299
298
311
299
300
301
302
302
302
300
301
301
295
310
304
302
301
299
288
315
310
292
296
301
303
302
301
301
296
302
314
301
298
299
295
308
302
301
306
300
300
302
301
302
301
301
300
302
300
302
302
297
309
301
300
301
301
301
301
295
308
305
308
300
298
299
301
302
301
302
301
301
303
302
301
301
298
309
300
301
296
308
304
302
299
300
301
301
301
302
301
301
301
303
301
298
305
300
297
308
303
301
301
300
301
304
302
301
294
310
307
299
299
300
301
302
302
300
301
303
300
303
307
299
300
301
303
301
301
301
301
301
302
301
302
302
304
299
302
308
301
297
303
303
301
300
301
302
303
301
302
301
302
302
300
303
302
303
300
301
301
305
300
300
301
305
302
300
297
307
300
300
300
301
302
303
300
301
303
295
314
298
301
299
302
300
301
302
302
302
302
302
302
302
298
309
298
303
301
300
300
303
304
301
299
301
301
302
301
302
302
302
300
302
304
301
302
301
302
301
302
303
300
300
305
302
299
300
302
301
302
302
301
302
302
301
302
302
302
302
301
301
302
302
302
300
302
302
300
300
303
304
302
298
303
301
300
301
301
302
302
301
302
301
299
309
299
304
300
301
301
300
301
301
299
306
300
307
298
300
301
300
304
303
300
301
296
302
309
306
295
297
309
298
296
300
308
299
291
311
309
283
291
328
293
306
286
301
316
298
297
303
284
318
329
274
299
302
312
293
285
288
327
289
310
274
338
337
286
263
266
317
370
272
276
316
272
329
301
312
262
335
323
274
289
244
384
301
262
300
293
270
351
278
270
288
321
278
296
337
272
295
309
292
317
286
316
293
296
234
505
256
259
296
258
365
334
281
314
262
305
298
316
309
282
267
293
361
348
269
247
313
303
295
300
351
259
356
253
241
393
316
263
318
279
295
301
277
300
312
285
255
323
278
295
273
304
364
290
275
343
280
291
316
299
281
308
276
328
300
291
327
273
318
296
287
348
282
297
290
288
272
328
267
322
335
299
304
299
318
316
292
315
280
289
302
280
278
313
278
339
320
286
290
306
369
300
288
278
321
276
284
302
283
277
347
290
279
389
264
285
291
287
297
319
286
295
311
291
332
313
311
305
294
282
305
295
297
322
301
293
346
289
308
301
338
279
284
279
289
317
295
311
283
296
304
293
303
303
276
332
292
304
301
303
302
284
292
317
286
308
314
298
342
321
297
324
284
291
326
293
292
309
301
297
307
296
283
291
284
358
269
310
307
284
290
303
294
294
297
297
305
285
297
291
303
313
297
289
341
281
287
296
318
330
299
287
337
288
289
308
300
293
317
297
301
306
285
301
315
285
295
309
306
287
293
314
292
309
298
290
292
317
278
316
296
300
361
291
291
299
304
318
282
322
296
301
306
296
296
309
291
322
302
291
290
332
307
291
272
345
280
284
314
304
292
287
341
292
306
292
299
312
302
297
298
276
336
282
296
294
301
301
306
306
293
301
300
306
303
298
329
293
293
324
294
302
300
297
309
291
289
312
354
286
298
297
305
299
313
294
314
298
300
301
310
284
317
300
294
297
291
291
310
311
294
304
320
293
297
292
317
294
293
290
336
306
283
292
315
301
315
298
305
300
307
302
297
321
289
299
304
296
302
285
300
307
287
298
298
300
299
298
296
317
295
300
297
294
291
339
284
289
315
293
297
292
306
304
296
290
300
305
294
294
307
331
289
285
318
297
297
292
312
292
305
313
296
301
317
299
287
314
290
310
286
293
312
286
306
298
308
307
294
303
296
281
316
283
318
295
301
303
296
283
301
284
286
332
283
309
292
307
288
323
285
314
292
307
295
303
311
315
284
316
292
309
298
295
304
303
316
296
301
293
298
293
296
314
306
315
295
315
313
294
296
299
296
317
290
306
317
277
273
343
283
297
327
289
287
318
293
302
308
295
291
303
307
300
287
300
293
308
324
289
293
296
286
324
296
293
261
288
354
293
290
299
309
306
298
301
295
322
354
321
286
290
290
317
309
296
294
308
316
291
291
293
312
290
295
297
305
281
362
290
289
307
284
291
312
289
320
318
276
296
286
346
286
289
324
283
289
298
321
337
269
296
287
305
315
268
302
322
292
283
344
288
299
284
318
337
289
290
312
287
297
333
308
297
277
341
276
305
308
295
284
285
354
283
285
348
271
284
332
282
307
288
326
328
285
295
281
338
273
319
288
291
288
351
277
293
294
317
281
305
323
306
278
292
328
298
293
300
273
344
333
315
269
317
285
284
314
295
337
288
293
305
302
297
296
292
287
296
315
278
294
311
299
314
291
302
289
297
343
280
288
291
310
278
321
308
303
289
314
310
283
301
297
307
322
288
294
293
314
307
283
309
311
293
293
295
300
325
290
299
298
312
291
293
341
290
296
297
305
310
298
301
301
294
302
311
305
292
271
338
291
290
295
300
302
302
301
303
302
301
303
301
301
302
301
301
303
300
301
302
301
297
304
302
302
299
298
300
303
309
299
300
302
302
301
302
304
301
301
301
303
303
298
295
314
303
297
301
300
301
301
302
301
301
302
300
303
301
294
318
298
299
304
299
300
302
300
304
302
301
302
301
301
301
302
302
301
302
297
305
294
311
301
297
296
304
306
300
299
298
306
304
300
302
301
300
301
304
302
301
301
301
301
301
301
302
302
303
301
300
299
310
300
300
303
300
299
307
307
299
300
301
301
300
301
302
301
301
301
302
301
302
302
301
303
305
299
297
305
303
298
300
302
299
309
298
300
300
301
302
302
301
301
302
302
302
301
302
302
301
300
302
298
306
301
300
300
298
302
299
314
306
296
299
301
302
301
302
302
302
302
301
302
302
301
302
302
301
301
301
301
303
303
302
302
302
302
302
301
302
302
301
301
301
301
302
301
301
302
301
301
302
302
302
301
302
301
301
302
302
302
302
301
301
301
302
302
301
301
301
302
302
301
301
302
301
300
301
302
302
301
301
302
301
302
301
301
302
300
302
300
307
305
301
300
300
301
301
302
302
301
300
301
306
300
296
306
304
301
298
295
303
307
305
303
290
310
315
290
312
306
295
282
309
312
295
312
292
297
299
305
301
310
290
321
303
274
341
290
296
303
295
296
321
304
293
288
304
309
317
297
288
291
319
299
296
300
307
304
294
279
307
339
288
281
301
308
292
315
289
324
292
296
289
300
299
307
301
292
315
296
290
303
332
281
336
290
280
290
292
314
301
301
322
283
313
293
305
299
290
304
328
262
312
313
294
317
302
262
349
296
282
302
317
285
312
285
305
325
268
324
323
298
270
327
273
337
299
244
375
304
219
371
277
272
352
290
284
305
312
279
304
345
253
414
238
308
286
263
354
317
285
311
285
301
328
251
324
360
217
378
255
297
372
288
272
304
272
333
344
294
263
320
304
266
367
271
307
255
327
349
303
260
308
359
263
309
302
306
272
294
360
288
280
313
295
330
301
247
294
299
262
359
261
303
315
283
363
301
244
279
367
260
271
290
293
468
268
280
312
273
333
291
300
330
292
275
332
285
321
298
255
295
304
271
352
297
309
276
265
360
277
282
303
288
304
274
286
314
296
277
343
286
338
262
394
283
294
275
384
272
259
355
297
306
290
328
307
297
279
320
316
256
363
278
310
298
282
296
309
309
293
259
312
301
343
290
276
300
306
256
340
310
283
321
305
310
302
273
345
293
343
217
365
274
287
345
305
303
281
354
300
296
288
304
324
283
305
346
275
285
324
309
312
351
291
264
313
310
282
319
364
298
280
347
305
273
284
307
297
268
264
343
293
252
365
281
289
316
293
330
290
281
302
362
322
295
313
307
261
387
282
292
287
290
314
306
317
292
281
338
304
279
300
287
290
290
278
347
270
324
303
290
311
283
322
326
251
254
268
315
347
264
254
378
288
308
249
397
261
365
284
296
295
348
277
349
257
323
324
265
280
400
287
298
300
300
302
389
262
300
315
283
327
309
284
327
278
314
318
345
286
301
296
290
332
262
294
290
290
335
259
304
281
295
235
327
241
306
306
314
307
279
345
293
282
286
319
271
281
313
258
270
294
314
262
313
284
306
292
353
291
289
312
308
306
337
310
336
284
395
256
282
307
286
293
294
282
337
268
285
303
279
356
305
304
293
287
292
295
304
291
304
301
305
293
297
286
286
356
284
293
306
319
280
342
295
291
326
291
304
321
297
306
269
326
297
288
313
290
345
295
296
292
339
308
288
296
292
333
271
321
288
293
314
309
294
296
284
362
288
296
313
300
288
300
308
289
284
292
284
314
292
282
365
283
299
298
290
304
322
321
295
268
279
305
282
292
296
313
293
297
302
299
300
296
328
273
309
343
303
297
304
272
287
296
310
282
292
332
296
278
312
333
309
298
291
310
305
308
301
303
359
283
289
311
316
283
309
307
289
305
307
292
296
293
314
290
300
304
295
294
300
316
316
293
287
289
330
286
271
284
362
290
281
320
288
297
301
319
291
274
324
332
291
294
365
292
307
292
288
289
363
286
240
252
301
305
305
298
301
278
316
321
311
289
302
305
285
315
295
295
293
293
282
329
279
347
307
280
302
295
322
312
305
276
300
273
340
282
359
290
283
297
287
305
335
279
322
302
268
298
293
345
242
296
308
282
290
293
299
290
299
312
327
296
278
328
311
327
317
274
312
310
340
271
353
303
289
286
311
325
284
293
282
326
311
283
290
298
308
310
295
313
313
297
290
303
263
371
306
299
278
285
282
317
285
296
300
294
298
289
317
294
286
278
414
291
265
281
355
296
273
295
315
293
292
302
261
403
264
309
284
282
325
289
303
303
287
294
304
325
268
299
335
286
273
295
316
309
295
300
299
295
316
316
249
339
321
270
299
296
288
284
370
287
287
288
311
282
380
275
291
297
286
340
284
315
280
299
294
302
301
303
290
307
316
303
286
285
324
304
295
287
298
299
307
300
299
300
287
342
282
289
322
272
298
329
291
307
296
296
299
305
300
308
300
299
302
296
310
305
297
295
313
295
301
302
299
303
302
301
304
299
301
301
302
302
302
303
301
301
302
304
300
303
298
302
301
301
300
302
301
301
302
300
302
301
300
302
301
301
302
302
303
301
301
302
301
301
302
302
300
302
301
302
301
302
300
301
302
301
301
301
301
301
302
301
302
302
301
301
301
303
302
301
302
302
301
302
302
301
301
303
301
300
302
302
301
301
301
302
302
301
302
301
301
301
302
302
301
301
301
301
301
301
302
301
302
301
300
302
301
301
301
301
302
302
301
301
302
302
302
302
301
302
302
301
301
300
302
302
302
301
300
302
301
301
301
302
302
301
301
302
301
302
302
301
301
302
301
301
302
301
303
302
303
301
302
301
302
302
301
301
301
302
301
301
301
302
302
301
301
302
301
301
302
301
302
302
302
302
302
302
301
302
301
302
301
302
302
302
300
301
301
302
301
301
301
304
301
302
301
301
301
301
303
301
301
301
301
302
301
301
301
302
300
301
303
302
301
302
303
302
302
300
302
303
301
301
301
302
301
301
302
301
300
304
300
299
301
305
299
299
304
304
300
300
301
301
302
302
301
301
301
304
301
300
303
302
294
300
310
301
297
300
304
298
304
300
298
295
304
312
307
293
300
299
295
312
292
302
294
337
274
316
301
290
293
341
290
280
301
327
291
294
293
298
314
291
330
273
307
301
308
290
272
300
350
299
269
313
319
299
286
296
289
320
261
333
313
303
325
283
317
292
285
294
341
304
311
269
289
335
303
284
300
303
291
284
315
309
278
302
308
265
403
273
281
300
295
292
331
309
284
266
376
276
282
349
312
266
322
300
293
282
304
316
270
334
288
297
302
278
293
303
271
356
278
332
320
260
317
299
299
333
316
244
392
265
260
311
352
248
298
280
366
271
304
352
252
315
306
285
348
247
300
284
326
278
293
315
355
278
306
341
290
280
324
280
345
296
283
290
336
302
242
406
254
269
342
272
291
393
286
262
353
301
257
321
312
263
278
291
273
277
315
317
275
283
295
279
416
299
276
281
308
294
351
296
268
347
295
275
279
308
297
310
316
308
305
292
326
261
348
264
304
321
286
309
285
336
292
295
318
270
376
283
324
291
281
306
288
315
336
315
291
280
300
314
278
317
271
297
288
316
301
296
292
313
362
286
304
276
357
281
311
272
321
285
307
197
285
315
303
316
322
314
362
280
317
283
259
322
239
355
304
286
364
288
292
311
292
271
306
318
278
301
321
250
414
262
305
304
318
318
252
323
275
320
274
326
310
281
256
306
304
306
303
330
302
375
274
268
307
299
309
280
266
316
279
365
306
300
285
343
297
293
285
318
305
271
295
281
276
276
247
371
284
307
315
287
264
309
312
263
258
314
332
259
267
266
356
338
259
282
321
265
301
340
334
278
245
318
323
280
275
295
284
266
353
286
282
276
310
279
305
269
332
308
290
273
337
332
285
294
282
296
292
305
349
276
270
329
285
304
321
288
275
304
286
292
293
311
302
305
309
298
276
303
312
289
286
322
276
328
293
283
337
292
287
287
311
310
255
293
320
295
279
360
316
290
273
337
287
298
287
306
344
288
298
307
269
392
281
300
317
305
274
300
327
298
299
299
275
349
279
311
287
286
313
302
301
299
316
321
279
357
274
323
306
323
293
278
314
280
304
311
309
267
293
315
319
302
288
295
314
368
311
297
279
305
309
279
341
278
312
296
288
291
286
301
295
311
301
328
326
295
296
272
313
287
336
295
292
287
304
302
317
309
292
307
309
291
296
288
299
313
307
292
297
329
287
310
300
280
343
280
278
321
282
305
282
331
294
288
291
316
334
283
292
267
297
276
296
293
309
310
325
300
297
280
334
282
315
290
272
314
300
297
290
335
297
311
292
295
295
296
301
344
265
296
282
301
307
307
302
297
301
287
337
289
321
282
318
330
289
281
359
318
315
282
273
372
278
306
294
295
298
290
335
283
305
286
311
304
269
374
300
285
301
286
361
275
309
292
308
286
282
338
364
282
267
307
298
280
308
296
298
319
309
291
284
284
404
275
310
313
286
286
359
280
287
283
297
309
281
312
291
331
267
308
331
289
270
344
307
314
307
288
318
294
309
313
319
279
323
319
287
298
289
281
315
271
338
297
301
317
288
269
322
327
280
287
279
316
388
268
287
305
304
328
299
279
295
272
313
296
280
290
297
320
279
316
303
280
279
370
275
301
293
286
340
298
281
329
292
285
324
302
309
276
293
295
288
359
304
329
294
293
285
324
297
324
275
310
299
328
280
311
294
288
347
288
269
322
321
255
369
285
268
305
309
299
294
304
295
290
318
302
340
269
310
302
293
298
289
288
324
307
288
297
300
294
324
300
298
294
285
340
329
283
292
293
296
317
295
299
302
299
296
297
313
294
280
339
305
294
294
298
298
307
298
300
299
302
296
282
338
296
293
294
301
298
302
303
301
302
301
300
301
301
300
299
301
299
314
301
301
295
301
297
302
302
301
300
309
304
297
298
308
309
300
296
297
294
308
316
302
289
292
321
314
289
297
300
301
303
300
302
298
305
302
300
306
300
299
300
295
300
300
303
304
300
300
301
300
309
303
292
303
306
296
300
300
299
305
298
299
313
299
300
300
291
314
310
295
297
300
299
305
305
300
301
301
301
302
300
302
303
301
304
295
303
305
298
296
306
293
312
314
295
297
298
297
305
304
301
297
291
315
302
298
309
296
293
309
313
296
295
301
300
293
314
312
292
297
312
298
298
304
295
311
299
299
323
293
293
298
301
302
303
299
304
305
302
300
300
301
300
301
302
301
299
296
317
316
292
296
299
305
304
297
307
299
298
306
306
299
298
300
296
315
299
295
302
303
306
300
300
301
301
300
298
310
302
302
295
306
301
303
300
300
300
297
311
301
300
298
301
303
302
300
285
327
307
290
297
305
303
301
302
303
301
292
317
307
294
299
302
299
296
310
303
298
300
300
298
304
310
294
301
296
307
315
296
298
300
299
306
299
298
303
308
293
306
302
297
303
302
298
304
302
300
302
300
301
304
300
305
304
302
296
307
303
297
300
303
306
301
306
300
299
301
299
310
300
298
306
302
306
296
300
300
305
299
302
299
297
309
309
296
291
300
317
309
294
293
303
306
306
301
302
292
296
306
320
298
293
296
283
347
286
286
323
309
293
294
300
293
321
279
313
305
295
303
291
317
292
273
326
306
315
273
307
309
262
353
282
284
275
327
295
321
288
284
288
300
289
335
309
281
297
310
287
358
253
305
294
353
284
281
267
360
313
296
277
303
302
287
334
269
303
352
276
327
267
263
368
281
280
273
290
426
257
319
271
319
256
330
319
306
287
294
326
307
269
270
385
262
262
389
280
261
395
300
325
272
274
340
289
315
257
313
371
279
281
373
258
269
323
291
266
310
300
323
304
281
309
303
316
284
257
320
313
258
300
333
275
285
289
293
297
355
296
304
303
312
295
283
336
295
275
383
272
292
314
306
386
302
272
357
328
254
310
312
246
384
280
290
286
298
275
320
292
280
325
263
333
323
298
326
274
320
263
332
320
309
294
328
289
287
286
346
288
281
302
332
273
286
362
248
286
310
304
279
291
356
281
290
311
287
311
342
309
303
301
294
289
327
304
300
304
265
325
287
283
291
316
297
310
270
314
283
296
258
326
296
280
302
306
310
318
302
294
304
325
293
290
302
318
302
310
288
293
310
297
308
272
313
299
311
275
311
288
340
319
277
293
317
293
308
305
302
298
289
333
296
288
296
304
283
321
303
287
291
304
286
316
293
295
303
300
298
314
286
308
301
304
294
300
320
280
303
331
302
282
300
283
332
294
289
300
302
298
296
321
297
292
279
349
315
286
306
302
317
275
330
297
315
298
274
285
301
280
310
303
294
299
310
299
290
313
291
348
295
300
288
283
292
313
287
275
315
309
290
285
284
291
298
299
301
393
255
321
211
527
246
243
358
249
427
192
335
347
315
310
270
260
332
324
284
361
301
303
289
326
283
298
262
247
298
280
286
283
280
288
229
375
275
286
239
289
326
260
310
321
285
308
275
317
321
281
290
335
282
302
279
310
304
302
288
302
268
398
295
279
267
324
329
311
295
305
321
346
287
272
301
320
309
295
285
327
283
316
280
301
299
303
294
298
274
342
284
295
275
323
332
269
303
304
292
319
291
289
313
293
290
329
295
321
292
306
299
305
296
292
290
273
318
259
360
288
280
301
358
282
312
292
304
282
299
283
297
293
310
297
289
304
284
323
298
306
310
317
315
290
286
319
279
317
288
292
322
316
300
279
311
293
303
308
294
282
325
300
327
285
300
288
270
302
271
342
328
277
310
287
296
295
290
314
283
291
282
273
319
310
321
296
320
316
297
327
253
347
287
295
308
317
281
284
322
275
337
267
333
280
316
320
300
293
308
340
290
299
362
328
339
312
296
339
270
322
293
287
294
277
374
268
282
312
269
326
298
260
290
366
273
289
300
326
289
287
334
289
271
320
283
308
297
280
311
296
284
303
285
270
318
317
272
292
347
276
296
312
307
339
304
278
291
402
260
321
283
286
296
313
297
311
310
303
271
271
360
260
379
292
263
279
362
282
284
289
275
362
296
307
288
274
320
259
372
310
256
329
283
327
296
295
300
294
284
327
282
290
269
321
375
286
267
300
330
284
338
276
307
283
280
351
337
259
283
363
263
277
362
278
280
290
313
300
280
255
376
301
280
290
293
294
324
288
280
288
317
318
281
315
315
279
315
291
266
382
282
295
297
297
283
358
301
277
282
399
254
302
298
290
315
300
285
323
317
250
345
321
288
287
298
280
325
342
282
279
312
311
296
292
278
348
321
304
285
294
279
287
344
282
277
326
293
264
323
295
309
290
298
294
287
308
293
314
292
298
286
314
309
286
305
305
295
304
309
296
302
300
294
288
340
293
296
298
305
304
298
301
301
296
312
301
297
298
309
302
304
290
314
294
309
290
317
318
295
292
294
301
306
297
280
334
301
294
292
302
302
291
306
316
295
297
282
335
295
297
290
310
305
299
299
299
305
301
301
302
290
302
307
331
299
287
289
304
313
299
299
299
305
302
300
301
302
301
301
297
298
300
321
297
286
300
308
296
306
296
297
304
300
300
302
302
299
298
317
301
296
299
300
302
303
301
301
293
311
307
310
298
293
299
301
300
302
303
302
301
300
302
301
301
303
302
301
302
301
302
301
301
301
299
308
299
300
301
301
302
302
302
302
302
302
302
301
302
302
301
301
301
301
302
302
300
302
301
302
302
302
301
302
302
301
302
301
302
302
301
301
301
301
301
301
301
301
301
302
302
301
301
301
301
302
302
302
302
301
301
301