297
297
297
297
297
297
298
297
297
297
297
297
297
298
300
304
301
303
304
298
300
301
302
298
316
293
302
304
292
319
294
302
295
310
300
298
302
304
296
306
304
304
304
298
301
303
305
294
311
301
297
299
302
308
296
306
300
306
303
301
290
320
302
298
302
298
303
302
312
296
300
293
314
302
295
301
299
312
296
298
303
300
301
301
300
306
306
305
301
301
295
302
311
293
304
299
301
304
303
295
305
301
312
304
296
299
298
302
307
301
301
297
306
299
306
291
320
299
298
301
302
299
303
302
300
298
312
293
300
314
301
298
298
301
306
302
303
299
295
313
298
309
300
303
298
298
312
299
296
303
305
300
305
301
294
308
300
301
303
303
299
303
305
289
307
314
294
304
288
314
310
298
297
300
298
303
307
294
296
315
297
295
315
307
289
295
308
308
297
288
317
286
293
344
274
283
333
295
303
303
295
296
293
317
303
294
295
301
309
311
300
313
301
291
303
293
310
285
320
284
316
325
288
292
303
296
296
310
305
302
291
270
369
307
285
290
296
370
279
300
266
322
321
272
286
339
268
350
313
318
288
341
266
289
366
269
282
320
281
265
328
324
281
267
312
360
244
272
380
237
304
331
285
271
340
256
355
315
216
379
261
248
417
261
241
403
260
330
291
319
262
320
338
279
301
331
253
287
312
259
371
257
294
294
312
265
389
261
268
338
286
225
405
263
285
335
268
249
410
285
321
257
302
325
255
321
370
242
308
311
261
338
409
208
390
239
305
282
315
254
322
329
261
332
342
316
292
298
299
271
304
304
364
241
367
224
391
291
298
256
354
318
263
274
279
363
238
356
247
308
306
247
350
250
304
296
257
346
339
272
240
290
370
268
247
360
314
206
379
291
304
282
371
296
303
346
306
267
373
279
264
399
249
297
284
286
292
282
366
354
311
285
284
259
309
259
285
302
262
411
278
304
295
338
295
290
287
296
304
294
305
306
314
296
278
332
276
380
274
287
297
261
332
309
287
280
328
269
327
293
302
271
303
316
309
308
280
264
344
292
278
302
267
374
246
328
289
308
275
341
325
325
282
299
263
337
256
318
306
324
369
302
276
266
350
318
259
299
283
270
302
280
297
325
326
276
318
262
316
312
295
314
285
291
322
340
317
277
317
233
346
277
276
399
313
286
273
340
266
315
296
313
294
286
333
297
307
353
265
285
324
247
285
320
281
265
326
351
302
274
363
286
268
314
266
347
271
279
289
383
302
294
312
269
332
281
312
281
262
361
321
259
356
284
243
313
259
316
278
286
323
329
289
321
301
321
324
295
275
304
301
277
311
281
350
309
345
285
290
316
276
330
292
287
312
284
271
346
293
277
307
306
278
301
300
322
292
278
348
277
300
286
300
285
361
270
330
312
290
275
341
280
299
291
338
291
288
295
296
323
287
304
319
282
371
283
279
302
302
299
343
287
288
292
298
258
335
278
304
299
292
291
313
280
284
353
269
295
288
291
338
293
270
298
308
293
283
265
289
335
294
288
303
303
368
296
286
289
324
336
279
304
328
300
296
269
297
279
307
293
316
312
300
265
303
294
309
295
284
306
298
322
325
296
312
324
267
276
329
320
279
278
314
317
296
275
280
322
280
259
341
280
323
296
322
287
277
327
344
307
298
291
308
293
255
343
271
298
360
226
373
276
297
273
259
291
290
306
276
302
318
271
295
323
278
302
281
327
288
301
252
314
327
266
282
307
301
387
266
238
350
262
328
348
282
220
490
259
283
279
321
252
353
276
270
245
308
360
274
267
310
329
296
296
285
278
320
323
304
284
266
317
309
273
272
329
318
265
340
252
352
337
271
270
291
305
316
289
290
260
290
457
240
280
278
322
289
325
282
307
310
261
348
307
264
329
320
279
291
324
284
292
317
296
317
301
294
308
277
298
300
315
284
302
290
331
277
268
314
290
297
280
326
296
282
353
301
255
349
283
301
296
288
303
308
282
363
281
277
307
352
255
339
288
277
298
335
288
289
287
305
350
298
288
251
389
307
273
290
301
302
294
314
288
320
321
278
311
279
333
263
374
266
294
305
306
311
286
301
287
350
292
296
300
303
301
300
298
317
281
337
289
319
285
290
308
300
305
303
302
305
301
301
301
303
296
307
299
275
337
305
295
290
297
298
307
301
301
301
301
299
303
303
298
295
314
302
303
300
299
288
300
343
286
293
298
301
303
303
301
302
302
302
302
301
302
302
302
302
301
303
304
301
301
302
302
302
302
294
310
300
299
301
301
302
302
302
302
302
301
301
303
302
302
301
302
302
301
302
302
302
301
301
302
302
302
302
301
302
302
302
301
302
301
301
300
301
302
301
302
301
302
301
302
302
302
301
301
302
301
301
301
302
301
302
301
301
301
302
302
302
301
302
301
302
302
302
302
302
300
302
302
302
302
302
302
301
301
302
301
301
301
302
302
302
301
301
302
302
302
302
301
302
301
302
302
302
302
302
302
301
302
302
301
301
302
302
302
302
302
302
302
301
302
301
301
301
301
301
302
301
302
304
301
301
302
302
302
300
302
301
301
301
301
303
297
306
304
299
303
301
301
301
302
302
301
301
302
302
301
300
301
306
301
299
301
302
304
299
297
301
306
290
312
310
289
309
300
299
297
288
320
310
299
299
294
305
264
341
296
297
286
297
316
321
284
288
290
305
318
322
301
298
284
272
306
350
266
328
284
282
287
334
285
331
287
296
322
331
275
280
368
265
273
293
298
399
246
316
276
275
345
282
231
342
324
344
250
275
309
305
316
302
291
220
491
253
258
293
303
369
299
225
419
268
282
345
228
403
262
257
378
244
339
358
263
310
291
309
278
342
301
200
329
355
297
262
303
193
488
214
338
305
296
268
307
427
246
245
393
296
239
303
296
287
328
238
318
307
313
259
343
205
379
313
291
271
289
276
341
277
225
379
269
323
270
194
582
230
269
396
328
295
382
296
252
312
321
266
284
269
329
320
276
259
274
309
359
265
314
286
319
248
305
270
381
303
300
291
300
288
294
318
298
262
335
269
326
269
287
284
299
332
262
269
323
292
264
305
293
329
336
317
274
263
334
323
275
274
362
267
312
313
273
304
305
276
353
280
300
302
337
319
290
285
295
270
336
287
302
282
296
294
271
298
328
291
269
348
327
307
278
288
346
257
292
264
280
338
300
283
284
303
299
295
330
277
297
313
361
281
296
301
288
307
337
266
300
320
294
340
277
298
278
326
353
357
281
308
267
327
250
291
306
296
322
280
271
405
297
295
309
299
252
339
306
280
288
298
271
326
283
315
286
337
285
278
364
267
274
293
246
285
363
278
288
276
299
368
294
279
285
298
312
269
309
318
289
320
327
272
313
312
283
288
288
326
298
278
356
267
338
281
288
317
296
277
317
290
315
291
318
282
290
273
279
266
287
310
290
294
300
314
267
286
328
290
322
329
308
280
273
328
364
291
290
282
279
275
400
284
279
311
284
279
298
308
307
301
264
319
260
337
277
302
318
340
266
323
268
330
297
291
281
328
262
391
256
277
270
294
311
322
272
333
307
231
363
278
262
359
259
296
288
295
318
316
232
326
291
271
288
271
324
306
275
324
294
279
305
258
311
274
275
291
287
280
268
399
310
263
284
281
301
291
354
274
266
321
314
282
288
258
372
284
320
265
313
291
311
265
322
377
248
315
296
235
281
452
277
267
312
355
245
331
234
322
346
272
308
291
291
286
360
301
363
246
218
397
243
310
300
265
313
308
273
317
311
292
334
253
313
437
253
358
281
294
312
314
309
293
268
364
272
287
268
340
284
299
358
276
255
315
303
321
282
285
288
340
281
310
290
293
329
297
254
343
280
311
313
289
275
374
267
275
354
283
260
337
284
333
290
295
287
333
303
271
323
275
367
279
254
337
277
277
375
304
271
314
282
321
271
326
290
281
245
423
343
249
288
302
306
321
309
277
324
308
310
261
335
292
302
326
285
293
322
296
291
298
290
343
288
289
290
349
306
293
297
301
308
298
301
313
291
317
294
291
303
305
302
293
299
300
293
309
317
296
288
292
330
292
294
299
302
302
303
302
302
302
302
302
302
301
302
301
305
298
298
317
313
295
290
308
300
302
301
301
302
301
301
301
302
302
302
301
301
304
303
300
297
307
304
300
302
300
300
304
301
301
302
298
303
305
300
297
306
301
300
302
302
302
301
303
301
301
302
301
302
301
301
302
301
302
302
302
301
301
302
302
301
302
302
302
302
301
301
303
301
301
302
303
301
301
301
301
301
302
302
301
301
302
302
302
302
301
302
303
301
301
302
302
301
302
302
302
302
301
303
301
302
301
301
302
302
302
302
302
301
302
302
301
302
302
301
301
303
301
302
302
302
301
301
302
302
302
301
302
301
302
302
302
302
302
302
301
302
301
301
302
302
301
302
301
301
301
302
302
301
302
301
302
302
302
301
301
302
302
301
302
301
302
302
301
302
302
301
302
302
301
302
302
301
302
301
303
301
302
302
302
301
301
302
301
301
300
301
302
301
303
301
300
305
303
301
301
301
301
301
302
301
301
300
302
302
301
303
301
298
304
306
300
300
298
306
297
303
314
296
295
306
303
302
296
303
304
296
294
310
299
317
282
316
297
318
315
259
321
275
316
287
307
314
243
373
291
280
312
262
388
221
333
287
211
383
307
275
316
288
279
322
281
321
349
246
275
366
289
268
236
439
255
328
281
346
324
306
202
346
318
270
430
264
308
319
289
280
286
287
294
291
285
303
282
444
260
252
298
345
260
250
380
302
232
392
189
492
191
335
393
228
215
378
386
282
208
313
254
461
186
353
145
520
248
288
306
269
263
372
213
324
414
234
331
231
360
315
349
227
309
207
369
189
552
216
289
248
279
308
317
295
286
231
408
279
232
345
244
352
445
252
160
404
417
278
229
385
244
302
236
398
235
308
433
281
311
220
437
299
266
315
293
284
329
334
280
279
387
346
270
302
326
391
284
328
244
328
251
317
319
295
316
284
280
285
364
271
300
287
380
258
323
287
270
271
320
321
292
287
270
314
284
306
265
284
302
316
322
312
295
265
328
274
275
307
327
281
344
287
287
368
283
287
378
273
290
316
290
265
317
324
286
323
301
353
265
304
273
318
270
342
361
295
284
312
272
376
244
314
287
255
376
289
289
214
363
276
258
344
291
328
214
317
400
204
587
248
308
300
248
338
249
447
278
276
343
306
347
264
308
312
309
287
292
310
308
291
290
384
271
283
274
283
304
299
295
265
329
295
291
243
345
274
221
368
290
294
271
378
280
274
307
300
263
303
264
350
305
282
293
300
300
297
290
296
317
268
351
296
277
276
320
278
303
299
295
304
277
324
271
316
294
316
298
290
347
295
282
282
313
290
308
296
298
287
371
311
277
314
313
332
292
267
408
221
273
288
257
353
271
222
298
317
280
365
259
288
277
321
268
326
302
302
364
315
213
372
299
306
280
277
317
282
315
307
313
278
451
260
273
283
338
344
267
295
305
318
266
295
284
312
331
306
299
313
290
271
331
263
265
336
267
328
340
265
343
278
268
324
284
292
298
354
240
353
309
296
294
307
273
342
271
333
254
333
283
270
263
330
279
266
335
327
318
285
223
371
318
221
396
266
270
261
259
331
306
270
300
359
162
540
244
267
343
321
249
372
276
320
286
300
359
335
260
272
290
312
344
319
228
330
300
295
297
261
385
269
294
231
350
289
259
362
262
285
259
344
276
347
363
207
439
291
294
264
357
260
288
247
305
242
412
279
331
301
239
384
328
277
250
335
290
269
305
240
347
257
235
398
240
273
340
238
258
298
306
328
281
285
319
423
284
229
355
354
261
291
271
325
293
310
286
190
494
294
259
338
282
301
226
382
264
274
211
335
424
230
312
339
279
257
396
242
261
464
269
279
310
261
352
302
339
209
411
280
280
344
282
293
292
284
284
346
214
396
312
251
286
272
305
308
273
318
312
273
396
267
259
346
297
292
292
206
483
265
256
265
323
320
324
272
286
309
300
305
291
291
302
324
259
340
333
291
282
280
339
305
297
294
290
301
341
307
277
297
302
320
291
297
313
277
298
320
307
326
286
294
288
322
294
308
292
334
291
306
296
327
304
313
278
334
277
318
283
307
299
314
292
289
290
322
308
290
312
275
316
296
295
300
294
315
301
295
291
306
338
313
271
293
314
287
328
298
285
302
309
297
296
298
301
274
316
351
281
275
282
363
294
288
317
301
300
301
300
303
302
301
276
313
322
307
330
250
334
293
336
281
282
322
299
305
298
297
301
275
324
284
324
311
286
291
298
305
306
299
295
307
295
306
320
274
305
309
333
292
287
297
288
319
301
294
309
300
306
293
303
294
328
277
305
290
325
305
291
295
301
301
300
296
297
318
308
307
295
319
293
289
322
273
312
323
295
294
289
319
319
303
286
305
291
323
289
298
296
327
296
289
305
300
301
301
302
293
299
298
312
330
306
299
290
315
284
304
290
311
304
303
292
306
316
281
313
302
300
283
309
311
302
282
317
304
304
290
304
292
297
344
285
304
282
289
351
282
269
366
272
303
280
327
267
306
338
272
309
285
296
319
285
348
290
288
293
307
289
306
307
287
323
298
314
303
302
289
313
290
306
305
292
297
285
359
239
351
302
281
317
291
257
317
300
325
313
303
332
286
306
290
297
321
337
277
307
346
206
400
242
254
369
266
300
354
265
288
288
310
355
306
291
264
297
317
321
224
383
317
341
159
297
408
278
282
301
267
278
308
374
327
226
321
304
300
355
223
282
374
278
238
368
327
284
344
331
259
335
263
392
224
247
427
198
377
237
313
276
314
307
297
246
339
307
354
276
248
340
325
286
262
320
252
357
263
283
289
311
370
197
264
366
316
302
259
214
420
248
286
317
294
281
288
336
241
400
385
265
189
459
221
333
296
286
348
233
329
304
318
297
184
481
182
380
296
252
336
375
252
287
214
359
332
300
285
313
301
358
229
240
445
257
240
290
287
400
282
286
258
307
307
208
474
259
252
314
283
269
479
296
270
236
333
292
331
318
308
239
264
275
369
273
271
382
299
277
293
265
235
343
298
258
404
378
272
286
282
389
241
297
334
295
296
267
363
335
293
275
377
386
248
312
384
283
276
262
336
253
278
360
317
249
266
275
351
286
330
245
371
308
272
333
281
374
283
245
274
299
240
306
285
291
310
382
271
322
260
320
304
253
441
254
388
305
196
437
300
295
256
343
257
263
311
256
401
254
309
296
281
277
292
273
308
282
341
311
265
331
291
309
304
253
417
316
324
248
410
297
263
322
319
297
296
263
314
247
341
248
290
341
289
271
319
287
302
333
279
258
348
304
266
331
255
355
325
282
260
328
332
305
266
300
292
332
194
307
309
221
326
190
419
250
258
300
335
246
288
401
281
281
321
269
311
403
284
277
289
310
238
494
201
317
289
298
288
319
294
339
291
250
297
338
276
315
292
282
296
255
342
351
292
160
294
290
320
258
290
260
344
274
350
233
265
408
264
267
341
292
271
300
299
238
255
366
318
298
295
252
343
280
287
332
229
370
276
342
242
436
290
279
318
266
345
290
288
303
257
347
278
344
277
280
329
344
267
280
322
282
306
300
296
299
315
289
287
321
265
350
201
342
288
314
264
378
281
280
248
319
302
273
269
281
286
307
320
312
250
358
292
328
319
289
348
255
367
266
286
299
290
249
435
283
308
282
323
238
445
284
274
301
260
401
269
385
276
278
306
266
342
277
303
300
288
290
285
368
348
271
261
288
299
401
318
291
282
340
289
292
280
325
283
328
275
324
268
326
361
269
334
294
312
289
274
348
300
295
288
297
376
290
257
309
307
315
330
251
361
280
279
340
266
316
312
315
345
260
341
300
291
284
291
283
292
325
275
400
286
291
270
326
288
265
303
335
286
298
243
370
280
370
269
292
294
305
285
286
333
274
346
292
255
318
280
287
337
302
338
275
310
290
293
320
281
334
236
362
303
289
294
304
282
337
267
259
390
290
278
304
292
357
273
245
380
284
270
298
330
267
305
316
291
318
295
288
271
360
251
356
252
247
367
291
301
294
300
328
275
309
315
282
367
261
331
284
294
317
299
288
307
333
299
291
291
339
286
291
311
294
306
324
285
302
297
297
306
298
311
301
299
291
329
295
296
299
302
301
304
301
302
303
302
301
302
302
303
301
302
302
297
297
324
289
301
319
292
296
299
303
302
301
301
301
303
301
301
303
301
303
302
301
300
302
302
300
302
297
304
310
301
298
298
309
303
300
300
301
303
301
302
301
301
301
301
302
301
286
281
290
295
305
307
310
305
303
303
304
303
304
305
305
305
303
303
303
303
303
303
302
302
302
301
301
300
298
297
306
300
296
315
306
300
303
295
308
318
292
301
299
306
300
304
304
306
300
299
301
308
296
310
300
293
307
316
299
288
313
300
301
312
285
301
323
291
287
325
295
303
296
310
298
297
292
292
326
304
296
295
306
305
295
294
288
313
306
331
271
316
294
295
304
292
313
297
294
309
283
319
302
319
268
328
309
314
297
299
293
297
297
308
296
307
315
299
320
261
314
307
307
294
270
338
296
319
276
317
297
299
299
312
311
297
299
283
310
326
310
286
314
274
332
282
302
305
294
294
302
294
294
321
305
294
297
289
320
305
297
291
322
286
306
302
276
337
303
293
293
299
318
298
299
294
292
313
310
295
296
298
325
292
292
296
311
295
302
300
295
299
316
304
298
300
300
294
304
320
294
298
301
300
290
330
298
290
312
307
295
302
305
295
282
331
300
294
297
300
305
302
299
303
299
294
308
308
285
305
313
295
298
300
305
302
301
304
295
302
306
307
298
300
290
311
300
300
299
305
299
300
303
300
298
310
289
313
314
292
294
306
308
300
299
301
302
303
302
307
301
298
302
296
314
296
308
294
301
303
301
302
307
300
300
303
301
299
304
299
296
308
301
302
305
297
291
310
306
301
294
301
306
299
310
298
299
299
301
300
304
306
295
318
272
326
296
311
297
293
295
294
281
333
311
261
324
295
304
300
319
281
315
315
279
300
376
288
263
309
304
278
345
315
249
296
295
334
276
366
245
291
382
233
344
319
287
293
299
359
235
327
267
405
280
292
233
335
299
278
268
315
321
308
266
352
331
288
265
364
269
341
302
330
254
338
276
407
237
325
309
287
378
193
297
417
242
357
276
312
225
311
358
256
197
453
256
236
308
351
270
328
282
266
404
255
334
299
281
332
250
330
293
256
280
349
272
264
338
384
285
283
310
241
320
305
292
339
337
308
232
362
255
304
382
256
258
402
295
273
269
295
255
333
251
361
379
206
303
414
243
322
287
284
213
432
281
227
304
374
298
292
273
288
306
333
188
446
222
194
596
208
260
256
326
278
252
417
266
315
351
239
353
271
268
273
388
289
301
315
295
183
352
365
301
285
341
281
298
284
287
324
201
353
295
271
347
267
315
289
272
374
265
318
269
282
354
325
277
400
249
307
305
274
301
296
303
326
339
271
269
279
286
290
278
294
319
297
284
279
325
299
326
314
288
289
258
433
272
270
301
297
304
376
265
303
313
279
300
295
280
288
327
272
273
389
321
235
358
296
297
288
370
279
324
297
321
354
289
276
291
353
293
328
288
289
265
317
319
291
261
329
275
295
286
293
309
322
311
309
277
350
297
302
292
292
258
338
298
339
285
318
306
313
340
296
257
370
286
315
294
264
315
283
344
286
282
298
289
327
337
280
282
286
344
306
317
286
292
284
300
316
302
283
281
318
257
275
325
308
284
313
294
279
401
270
320
302
305
330
292
293
331
339
296
261
377
297
279
295
336
214
276
342
297
285
346
285
326
307
311
287
360
280
271
351
268
296
361
285
294
318
284
309
301
301
301
342
298
321
276
311
292
292
295
291
300
339
272
306
301
260
308
281
309
369
289
316
287
316
284
260
355
269
275
307
291
291
306
294
260
400
272
305
343
267
285
332
329
290
274
307
307
285
338
283
286
329
295
288
288
293
299
300
250
360
299
296
273
376
267
300
283
290
301
299
299
330
291
287
269
276
308
333
282
274
358
265
317
317
280
330
310
301
329
306
278
326
315
274
317
300
260
361
297
289
292
295
290
304
333
244
371
238
326
332
271
275
288
329
281
371
374
241
326
266
268
365
269
281
323
301
276
340
245
367
287
249
326
285
281
283
287
319
298
291
255
352
284
282
360
274
376
276
293
304
283
296
342
246
370
280
324
293
310
318
279
299
335
329
272
268
407
207
386
328
279
297
270
260
450
260
297
302
272
333
299
280
340
320
273
351
305
263
272
335
294
332
277
263
393
273
307
274
273
332
228
347
304
306
288
300
280
313
288
329
277
310
287
280
341
314
262
293
273
284
352
359
266
311
241
378
280
283
296
309
257
349
290
288
296
290
284
309
329
290
290
295
324
392
270
278
309
321
299
319
285
295
297
303
301
301
306
301
300
305
298
292
320
287
293
333
291
301
297
300
302
302
298
301
303
302
303
303
303
301
297
299
302
301
301
303
301
301
304
301
303
304
294
316
293
312
299
300
301
302
302
301
302
301
301
301
302
302
303
302
304
302
301
299
303
310
299
300
301
302
301
302
302
301
301
302
302
302
301
302
302
301
302
302
301
302
302
302
301
303
302
301
301
302
301
301
302
301
302
302
301
302
302
302
302
301
303
301
301
301
301
302
302
302
301
301
302
301
301
302
303
301
301
302
302
301
302
302
302
302
302
301
301
301
302
302
301
301
301
302
302
301
301
302
302
301
302
301
301
302
302
302
301
301
302
301
301
302
301
301
302
301
302
301
301
302
302
301
301
301
301
302
301
302
302
302
302
301
302
302
301
302
302
302
302
302
302
302
301
302
301
302
301
302
302
302
301
301
301
302
302
301
302
302
302
302
301
301
301
302
302
302
301
303
302
302
302
301
302
301
302
302
302
302
302
301
301
302
302
302
301
301
301
304
302
301
302
302
301
301
302
301
303
301
302
300
299
306
300
301
309
299
298
303
302
301
300
301
303
301
309
298
296
293
308
317
302
302
296
297
300
295
290
331
299
241
340
347
267
343
257
236
330
344
291
292
262
327
317
296
299
247
346
326
247
360
252
324
296
344
245
321
320
267
301
357
318
242
315
383
244
316
309
260
310
396
236
311
211
409
266
302
303
274
244
357
255
375
205
423
228
271
338
237
284
412
285
222
366
266
254
350
337
249
325
274
331
262
352
261
255
268
330
307
280
351
283
295
294
286
306
323
240
336
309
284
306
296
220
431
270
239
318
328
289
274
282
303
255
409
274
240
407
273
277
263
227
396
304
239
359
230
413
234
356
296
323
196
400
200
351
288
267
299
299
277
272
416
274
206
471
324
296
232
336
287
263
312
338
281
244
355
259
366
289
295
320
312
351
392
301
297
285
304
335
322
343
236
301
304
306
273
278
282
258
325
326
284
287
314
313
257
349
222
382
326
290
284
255
353
271
283
313
263
280
315
296
300
313
356
287
341
239
305
308
317
274
298
358
247
402
236
310
266
316
325
271
278
287
328
281
276
296
287
323
243
329
245
283
254
351
271
242
409
251
283
384
277
267
320
337
280
307
305
318
255
239
418
251
270
270
288
300
307
285
266
302
287
292
303
367
266
304
245
316
285
271
299
354
342
350
276
276
291
377
305
434
276
263
304
484
284
285
292
303
263
371
347
268
298
291
278
327
274
333
293
281
260
287
355
333
283
288
292
298
317
280
279
298
290
341
372
284
290
296
274
321
292
296
295
318
261
248
315
349
272
278
273
321
286
316
346
270
266
299
186
286
297
239
364
348
253
305
338
331
282
273
457
235
307
329
475
222
291
259
316
382
245
244
333
220
311
355
202
377
235
403
302
279
312
272
410
305
273
238
368
271
344
203
406
290
275
303
254
322
309
270
291
277
344
271
316
284
266
315
276
269
303
337
210
385
273
263
359
251
368
286
266
394
308
297
251
274
364
280
352
334
282
340
362
307
341
286
262
383
295
298
281
307
294
321
287
264
383
258
334
264
374
271
305
355
277
281
347
291
297
265
387
241
301
347
233
394
285
294
294
321
298
335
291
297
363
279
343
292
250
342
294
280
226
413
242
282
365
320
346
256
294
311
231
363
285
370
257
268
330
272
371
268
313
272
305
306
396
228
255
376
244
299
350
293
316
274
246
330
285
283
321
308
283
309
280
310
273
305
316
293
301
248
330
300
270
358
278
285
281
284
361
260
256
366
289
258
363
246
321
325
244
246
460
253
280
280
244
406
336
243
305
239
471
317
240
374
284
262
345
292
247
483
228
273
341
297
295
275
280
411
262
247
346
284
266
342
292
294
278
277
360
370
263
279
288
330
272
288
343
211
406
247
283
301
309
252
324
371
242
287
357
266
305
305
294
294
297
319
279
400
234
343
251
304
337
235
404
264
280
290
306
296
326
291
273
292
371
281
279
288
296
321
294
297
298
297
305
303
298
301
301
302
318
297
294
307
297
295
313
292
323
302
290
298
302
302
303
303
302
302
302
301
302
301
303
301
301
301
300
299
313
299
304
300
301
301
303
301
302
303
302
301
301
302
300
302
301
303
301
301
301
302
301
301
301
302
300
303
302
302
302
302
301
302
301
302
302
302
301
302
302
301
301
302
302
301
301
301
301
302
300
302
300
302
302
301
302
301
302
301
301
300
302
301
301
302
301
302
301
302
302
301
302
301
300
303
301
302
301
301
301
301
301
301
302
301
301
302
302
304
301
301
302
302
301
302
301
301
301
302
301
302
302
301
301
302
302
302
302
303
303
301
302
301
302
303
301
302
302
302
302
302
302
302
302
301
302
302
302
302
302
302
301
302
302
302
302
301
302
302
302
301
302
302
302
302
302
302
302
301
301
302
301
302
302
302
301
302
301
302
303
301
302
302
303
302
301
302
302
302
302
301
301
302
302
302
301
301
307
301
300
302
301
302
302
301
300
302
300
304
302
296
306
305
288
308
320
289
303
301
295
312
291
302
310
320
282
308
277
326
293
262
356
258
305
341
254
289
399
267
252
329
315
291
312
285
309
308
293
310
250
356
289
348
259
336
285
269
287
336
312
265
327
276
219
337
303
226
368
307
275
381
259
262
349
281
299
292
299
332
315
248
350
170
432
343
208
329
294
268
303
278
327
352
249
370
352
250
341
282
250
354
283
264
399
220
331
331
259
261
435
291
220
252
337
358
240
405
345
221
256
426
208
362
267
313
227
372
309
224
415
237
305
346
272
191
589
177
404
202
345
239
365
370
224
225
458
233
307
378
205
339
250
414
255
313
270
330
294
261
436
312
277
269
316
255
365
274
431
235
284
314
308
257
312
278
285
387
277
323
272
270
270
294
286
223
262
312
278
276
334
272
311
245
350
322
250
289
253
315
305
263
249
372
356
302
273
331
274
294
299
325
339
181
306
270
298
349
393
223
335
395
278
284
289
302
281
372
276
308
303
335
244
337
282
266
290
274
350
268
303
341
258
286
317
320
296
273
273
407
254
427
282
285
313
320
294
226
349
269
259
350
299
267
302
242
329
243
281
320
273
297
310
294
287
351
300
263
324
313
317
286
301
290
329
294
286
330
224
378
285
278
291
321
391
297
268
377
289
288
269
303
292
263
286
301
266
276
282
324
318
301
302
287
309
268
340
311
262
329
350
292
304
313
265
318
305
275
322
298
298
376
292
288
324
281
290
285
320
297
290
281
350
290
295
282
304
300
297
311
317
288
326
276
291
331
303
290
317
350
322
280
278
307
278
320
307
296
298
316
307
265
311
279
354
304
284
319
303
316
306
275
314
318
267
333
277
309
283
261
319
270
342
306
261
368
321
301
277
295
303
260
335
297
301
295
294
306
303
291
283
330
324
279
281
251
328
322
282
277
316
315
349
243
357
271
261
306
297
334
252
332
349
294
287
251
298
305
332
271
291
251
350
295
301
299
279
310
297
250
307
294
242
399
282
275
298
305
314
315
276
325
306
401
287
276
288
342
283
322
292
288
307
333
255
296
287
342
316
329
317
280
295
312
332
285
261
288
313
264
286
305
287
299
296
312
256
299
296
230
340
304
265
288
339
286
393
275
297
295
263
337
300
322
278
279
283
370
262
327
283
285
299
303
285
261
290
279
296
311
302
322
243
403
271
267
313
290
312
305
275
268
376
316
284
272
319
302
307
271
322
294
289
320
292
300
311
261
330
321
308
306
268
307
301
311
269
272
313
310
349
279
295
313
277
309
279
258
381
294
294
286
300
315
377
229
362
222
376
375
250
271
290
322
283
262
386
234
283
412
298
243
334
243
391
286
299
339
268
299
357
252
388
250
279
386
294
276
288
280
282
399
268
269
277
311
326
318
323
281
236
370
269
273
292
297
331
279
300
316
299
281
356
270
291
293
267
350
294
302
291
263
372
286
295
295
284
306
322
313
297
294
298
300
302
302
303
301
302
304
302
302
301
302
302
303
301
301
301
301
301
301
301
301
302
302
302
301
303
302
301
302
301
301
302
301
302
302
301
300
302
301
302
302
302
301
301
301
302
302
302
302
302
302
301
301
302
302
303
301
301
301
303
302
302
301
302
302
301
301
302
302
301
302
302
302
302
301
301
301
302
301
301
302
301
301
301
302
302
301
301
302
302
301
302
302
301
302
301
302
302
301
301
301
302
301
301
301
301
302
301
302
301
301
302
302
301
302
302
301
302
301
301
3