433
442
445
441
430
413
394
375
357
339
324
311
297
284
256
275
267
406
274
311
303
283
278
327
278
254
324
262
271
312
278
250
383
282
318
264
341
336
331
307
281
315
291
323
385
317
247
411
280
288
320
288
272
316
294
310
290
392
262
294
301
256
396
303
261
336
361
274
359
289
286
302
322
294
327
280
306
353
272
294
269
303
328
323
315
345
276
285
331
296
315
270
268
413
277
324
310
295
310
272
362
242
354
299
252
358
320
287
358
233
439
265
256
277
384
276
253
306
290
287
265
344
298
270
316
278
342
235
280
272
291
359
315
388
279
290
290
303
274
289
278
313
296
336
238
313
304
259
356
300
290
348
294
339
324
260
311
289
334
241
299
299
311
285
303
330
264
309
297
297
298
325
313
375
306
266
310
318
290
288
292
285
314
300
280
348
287
274
317
326
282
327
276
296
327
326
304
292
285
297
301
329
257
342
291
275
305
315
322
290
300
301
293
276
309
285
313
267
291
311
276
346
291
274
310
281
313
303
286
325
305
289
313
295
292
326
243
330
290
287
305
334
250
320
264
381
286
297
305
319
317
259
297
274
303
293
331
277
323
335
269
268
308
260
320
290
310
297
274
265
376
271
283
285
253
299
292
312
286
298
295
285
271
410
278
286
281
323
264
311
311
318
318
273
327
284
285
288
312
259
319
281
308
312
300
242
370
313
267
332
289
331
266
321
368
293
267
385
259
379
397
268
341
280
278
322
255
379
254
443
292
260
315
246
300
333
246
337
296
256
357
287
311
279
321
282
294
320
322
274
316
304
313
259
275
269
412
269
326
295
254
305
323
261
291
319
316
309
271
255
292
405
237
347
279
266
271
344
282
224
402
211
412
286
338
259
339
353
247
324
236
412
192
377
421
218
427
256
255
322
309
320
252
257
306
300
270
394
329
353
296
276
338
275
305
276
311
321
315
293
244
409
278
284
351
219
424
253
362
314
273
275
359
271
293
270
312
217
519
297
268
290
324
254
303
348
251
276
262
326
413
232
364
246
328
300
297
304
247
412
270
285
323
249
378
287
298
273
313
254
403
267
295
322
310
256
336
302
304
291
272
286
400
273
290
287
301
302
307
306
287
302
297
331
282
292
299
303
301
303
302
298
307
304
304
299
298
294
310
296
297
301
299
301
302
305
306
307
306
303
300
299
294
305
334
298
288
294
300
303
306
300
300
301
301
301
302
302
303
302
302
301
303
300
297
313
298
310
296
299
304
300
302
301
300
301
301
302
303
302
302
301
302
302
302
301
302
302
301
301
301
302
301
302
302
302
301
302
300
302
302
302
301
302
302
300
302
302
302
301
302
301
302
302
301
302
302
302
302
301
301
302
302
301
301
302
302
302
302
302
301
301
302
301
302
302
302
301
302
302
302
301
302
301
302
301
302
301
302
302
302
302
302
301
302
303
301
302
302
302
302
301
301
302
302
301
301
302
301
301
302
300
302
301
302
302
302
302
301
301
301
301
301
302
301
300
302
302
301
302
301
301
302
302
302
302
301
301
302
303
302
301
302
300
301
302
302
301
301
302
301
301
302
303
301
302
301
302
302
303
301
301
302
302
302
301
301
301
302
301
302
301
302
302
302
302
301
302
302
302
301
301
301
301
302
301
301
302
301
301
304
304
300
298
306
302
300
301
303
302
302
301
302
301
302
305
300
301
304
301
301
293
306
306
303
297
302
301
299
302
303
302
302
297
306
305
300
301
294
296
315
309
292
291
309
312
284
292
318
304
289
309
297
294
294
321
300
301
286
312
316
284
283
332
297
304
301
331
270
296
318
292
294
314
318
310
308
267
299
323
256
331
337
270
302
278
334
291
266
386
263
291
280
334
336
209
404
316
274
293
310
289
305
329
295
273
304
353
215
350
340
260
251
392
293
297
229
308
363
303
254
285
257
425
271
279
292
278
334
280
283
251
286
314
340
365
263
265
399
235
370
273
265
360
269
256
278
460
244
324
217
398
305
407
199
400
259
275
259
372
252
352
268
293
441
221
258
305
379
293
257
315
285
351
388
297
286
246
371
289
252
293
374
246
281
273
270
437
261
281
321
343
292
337
299
233
329
317
309
266
362
276
287
267
331
325
289
299
228
501
278
255
274
265
321
303
263
273
293
300
246
467
221
296
256
315
241
363
283
206
520
261
292
266
332
352
280
301
356
252
466
270
256
293
357
234
345
287
292
329
273
233
432
239
267
352
303
277
314
280
334
271
461
264
346
240
335
376
283
288
320
293
263
304
260
334
286
292
304
295
266
357
308
262
349
273
341
277
316
273
285
291
282
330
328
289
293
331
302
305
290
303
266
291
356
339
290
302
314
291
288
319
303
270
350
248
309
278
321
294
243
287
377
285
242
334
304
285
322
299
297
270
339
296
292
280
302
305
293
291
308
295
284
370
287
277
305
303
289
300
270
318
260
295
307
298
271
318
306
282
309
301
277
309
288
340
301
287
281
300
358
283
315
280
321
282
280
309
273
296
260
367
300
277
305
292
295
306
320
289
284
338
272
308
326
277
283
302
272
359
269
269
305
284
283
339
296
285
297
297
313
332
316
282
297
271
288
332
285
322
283
330
278
296
315
291
288
331
294
291
347
265
332
286
294
294
299
350
245
351
277
282
289
316
278
306
335
280
286
286
271
327
306
262
366
264
323
303
308
277
304
264
310
292
318
319
295
374
270
324
331
280
295
301
289
284
332
280
321
314
280
262
355
281
334
325
302
253
371
291
304
259
291
314
291
299
305
323
254
331
313
256
353
258
408
233
466
303
296
319
363
331
240
315
345
320
280
269
300
312
285
320
275
292
287
249
331
268
281
368
271
273
302
260
318
280
269
398
277
272
278
337
350
259
286
309
302
275
258
380
292
336
275
236
515
215
309
271
305
356
291
292
408
266
393
290
307
243
258
360
366
299
278
229
371
272
247
349
239
272
358
210
331
320
231
339
268
279
317
244
358
297
279
268
292
367
274
287
360
274
250
411
289
231
338
313
319
302
288
345
243
320
291
274
297
331
307
317
282
305
246
396
280
295
273
298
250
335
178
365
301
104
581
267
220
356
246
283
373
246
352
261
304
382
222
344
431
253
293
247
312
270
411
249
240
416
245
273
314
325
285
253
330
255
389
267
330
275
316
266
286
412
192
489
217
306
258
319
253
275
423
247
351
257
249
376
251
326
264
411
270
309
318
271
263
316
294
249
367
253
280
361
267
368
265
275
348
342
271
273
282
297
390
226
356
241
394
258
262
341
279
308
312
274
289
370
296
286
283
283
307
311
306
238
380
298
261
281
317
304
293
298
326
314
290
294
286
302
325
289
286
313
302
291
327
302
294
297
301
301
293
308
309
295
296
298
305
300
299
300
302
301
302
302
301
302
302
301
297
309
300
300
304
294
312
300
301
303
302
302
301
302
301
302
302
302
301
302
301
302
302
302
302
302
302
301
302
301
302
301
301
302
302
303
302
301
300
302
301
301
303
301
301
301
302
302
301
301
302
302
302
301
302
302
301
301
302
301
301
301
301
301
301
301
302
302
302
303
301
302
302
301
302
301
302
301
301
301
302
300
302
301
302
301
301
301
303
302
301
302
301
301
301
301
302
302
301
301
302
301
301
302
302
302
302
301
301
302
302
301
302
301
301
301
301
301
302
302
302
301
302
302
300
302
302
301
301
302
302
302
302
302
302
302
302
302
302
302
302
301
301
302
301
302
301
302
302
302
302
302
301
302
302
301
302
302
301
302
302
302
301
302
301
301
301
302
301
301
302
302
301
302
302
300
304
302
301
300
302
301
301
301
301
304
301
301
300
304
306
301
298
301
301
301
301
300
305
303
301
299
298
305
303
293
306
301
294
308
304
303
308
299
295
297
304
304
302
298
297
298
323
295
299
304
302
294
309
317
298
292
270
333
320
266
326
312
287
289
302
294
335
292
305
275
323
332
258
322
320
256
358
267
306
297
275
378
282
278
279
352
315
274
245
414
273
230
316
322
291
281
285
399
246
327
238
344
338
261
221
428
273
261
295
254
344
382
224
274
301
289
346
253
363
280
327
256
234
392
371
228
275
351
247
304
306
256
297
360
165
513
252
263
214
328
267
367
279
340
273
301
190
422
320
281
221
306
341
333
294
352
271
282
318
301
268
280
311
271
314
254
276
357
198
514
227
236
334
319
276
285
271
338
283
297
337
215
427
187
363
229
289
287
295
334
226
409
317
286
264
290
258
290
373
312
266
224
348
322
298
292
317
319
297
229
280
406
224
220
397
248
324
250
223
360
293
255
419
338
232
336
220
285
311
289
320
281
266
409
205
222
318
200
297
391
301
262
253
308
404
218
318
264
298
277
316
309
277
320
281
354
298
261
393
309
295
306
321
268
329
280
288
327
270
295
269
320
279
280
398
301
311
315
287
283
310
278
332
263
323
262
279
232
399
258
318
265
321
267
347
257
315
294
317
271
376
278
347
291
284
288
302
245
359
239
311
313
365
301
292
301
303
281
333
300
332
279
267
336
264
314
288
281
278
315
376
322
303
300
296
297
322
331
260
337
317
299
274
299
285
328
313
360
281
307
283
390
317
295
297
328
316
268
348
265
326
283
287
251
353
269
260
288
307
297
307
264
283
296
301
285
299
325
316
274
414
289
295
276
302
299
288
315
300
271
329
305
296
312
283
263
309
288
259
350
294
276
282
321
264
309
309
294
334
267
263
331
298
294
318
299
334
362
286
327
354
304
305
306
281
305
298
314
304
267
334
289
311
292
307
273
281
370
328
276
279
285
349
279
275
288
252
317
305
321
330
279
338
292
272
301
307
324
279
332
281
353
278
283
314
270
425
286
295
280
273
466
229
274
313
328
335
258
313
262
398
289
280
305
254
427
315
261
315
297
253
374
270
285
324
297
304
267
315
281
298
285
280
286
348
299
290
257
337
265
303
314
278
318
293
279
259
375
286
281
376
270
276
327
278
280
306
342
283
262
337
277
266
342
295
265
301
350
287
290
306
312
282
303
324
295
289
310
326
259
297
312
268
363
273
270
288
297
313
364
259
272
316
336
316
305
259
415
270
266
353
289
290
312
307
250
345
248
281
402
243
285
268
319
316
307
260
483
255
279
298
279
335
319
244
345
301
219
420
250
311
298
303
312
298
269
327
254
330
296
278
365
270
268
354
293
297
270
284
291
270
296
288
297
275
322
302
313
258
294
292
283
275
332
261
320
365
233
307
341
323
292
291
304
294
290
350
287
284
354
279
241
445
252
283
306
298
310
256
351
325
266
256
328
308
290
306
268
365
331
280
293
276
298
311
298
345
272
285
370
238
370
285
276
351
270
355
274
263
387
256
350
300
292
272
295
272
355
322
271
277
318
343
245
358
295
264
295
328
285
293
295
297
332
290
326
288
282
303
317
290
302
293
293
304
305
296
295
308
301
301
305
302
300
301
304
299
328
297
292
297
325
291
293
302
301
305
303
297
300
301
305
301
301
301
301
302
302
302
301
302
302
299
303
322
296
297
300
300
302
301
302
302
303
301
302
302
302
302
302
302
301
302
301
301
302
302
301
302
301
301
302
302
301
301
302
302
302
302
302
301
302
302
302
302
301
301
301
302
301
302
301
301
302
302
302
301
302
303
301
302
301
302
302
302
302
302
301
302
301
302
302
301
302
302
302
301
302
301
302
302
301
302
301
301
302
301
307
300
302
302
300
302
302
301
302
302
302
302
302
302
302
301
302
302
301
302
302
302
302
302
301
303
301
301
302
301
301
303
301
301
301
302
301
302
302
301
301
302
302
302
302
301
301
301
302
301
301
301
301
302
302
301
301
302
301
303
302
302
302
302
301
301
301
302
301
302
303
297
307
300
304
301
300
298
307
300
303
301
302
302
301
301
304
297
304
301
307
290
302
303
297
312
311
291
299
308
302
297
300
300
300
296
302
305
328
281
300
310
300
300
295
316
303
297
301
311
307
289
295
300
316
291
301
301
307
299
290
313
308
297
304
307
279
323
295
301
295
291
308
304
308
296
297
293
321
318
282
310
304
292
291
312
297
298
306
308
290
310
308
298
291
306
298
324
284
311
299
292
299
300
299
299
302
309
277
328
290
293
320
299
296
289
310
303
294
304
310
288
278
327
345
265
293
314
302
310
280
283
313
296
347
294
293
295
306
284
315
292
326
311
292
302
286
293
300
319
294
314
349
265
277
266
363
301
291
352
260
324
262
305
333
262
322
304
264
309
320
323
254
324
313
297
333
245
337
291
269
267
342
348
280
278
352
237
306
323
253
352
356
316
228
327
294
360
257
383
283
259
300
294
357
276
209
440
216
331
277
236
385
368
227
260
357
204
398
274
296
366
299
346
231
330
255
287
405
184
393
285
207
328
288
288
321
256
339
346
257
313
382
232
251
387
319
246
405
222
266
362
241
270
353
246
396
339
234
324
305
257
276
355
345
227
389
252
320
296
223
426
252
295
288
251
284
430
247
284
394
256
383
241
248
327
306
261
403
247
263
295
258
340
264
308
251
336
324
270
265
311
287
295
364
297
287
314
355
310
245
322
324
251
263
358
292
275
319
262
412
241
281
266
284
335
270
244
384
298
267
291
234
339
261
315
285
288
264
323
433
285
307
263
314
285
249
323
260
284
284
384
293
259
313
316
378
327
335
300
279
336
295
233
318
359
289
287
297
382
256
332
273
276
391
298
248
405
270
285
332
266
390
317
270
254
436
345
267
276
294
276
372
303
352
242
335
254
310
277
296
298
297
276
306
339
262
308
253
306
319
259
323
264
366
290
265
342
313
262
299
317
302
278
270
364
278
257
286
287
296
296
273
276
318
286
291
309
281
289
291
298
344
258
291
320
297
276
321
295
274
299
289
287
391
306
268
355
287
263
358
293
299
302
253
352
316
265
376
279
297
300
300
288
306
315
313
280
336
289
368
254
360
354
191
278
275
260
340
310
301
298
251
296
392
290
340
246
325
346
262
333
268
367
224
430
267
329
267
387
290
273
325
328
364
257
345
299
272
324
305
295
368
263
270
319
361
242
316
273
296
284
262
323
318
273
268
296
285
298
294
278
317
323
237
301
261
260
320
253
366
281
291
298
268
391
267
300
330
321
254
351
255
362
264
303
277
371
334
327
321
259
339
375
269
344
230
432
287
276
270
307
351
258
288
352
256
231
336
275
375
269
292
284
283
346
256
238
368
295
261
291
277
330
286
281
308
265
291
284
278
244
411
225
388
274
265
299
295
265
301
211
486
243
266
308
211
485
311
293
286
232
317
289
281
272
322
229
387
231
342
246
264
404
277
288
265
298
327
261
258
329
285
280
336
277
283
289
253
419
278
250
271
301
388
340
250
288
291
283
323
326
345
264
235
444
254
226
373
283
326
328
368
253
260
330
319
267
294
301
340
293
289
285
328
265
270
415
248
295
293
289
305
289
328
284
340
263
323
286
352
238
327
284
286
288
304
353
253
259
431
299
277
278
283
273
376
286
285
252
410
225
394
254
262
337
296
281
310
297
282
342
250
357
341
283
275
266
359
290
291
303
276
277
381
282
314
283
310
256
354
278
284
307
312
291
297
295
326
338
269
290
301
299
293
319
294
295
305
305
301
297
286
309
305
345
295
285
292
302
304
301
301
302
302
303
300
301
302
302
302
302
301
302
302
302
302
303
302
301
302
301
302
302
301
301
304
302
301
299
307
301
300
302
301
301
303
301
302
302
301
301
302
302
302
302
302
301
302
302
301
301
302
302
302
302
301
301
301
302
301
302
302
301
302
301
302
302
301
302
301
301
302
301
301
301
301
301
302
301
301
301
302
301
301
302
301
301
301
302
302
301
301
301
302
301
301
301
302
302
301
301
301
302
302
302
302
301
302
302
302
302
302
302
302
301
302
302
301
302
302
301
302
302
302
302
302
302
301
302
301
302
302
301
302
302
302
301
301
302
301
302
302
301
302
301
302
302
302
302
301
301
302
301
301
302
301
301
302
301
302
302
302
302
302
301
302
302
302
302
302
302
301
301
301
301
302
302
302
301
302
301
302
302
302
301
301
302
301
302
302
301
302
302
301
302
301
301
301
302
302
301
302
301
302
301
302
301
301
302
302
301
303
302
301
302
301
301
301
302
302
302
301
302
302
302
302
301
302
302
301
301
301
302
302
302
302
301
301
301
302
303
301
301
301
301
302
301
300
303
303
300
300
302
302
303
299
302
302
302
303
301
303
300
301
301
295
308
313
294
297
296
306
305
302
303
287
320
296
302
306
295
299
306
304
299
300
302
302
302
302
302
302
301
302
301
301
302
304
301
291
310
314
296
294
303
301
301
300
302
305
300
300
301
306
303
301
299
299
309
307
294
291
292
336
297
292
296
296
299
310
299
298
301
302
299
308
293
308
299
300
303
301
294
292
322
306
298
299
305
268
324
326
303
298
276
319
296
308
306
288
283
328
315
265
316
322
268
315
309
292
276
331
301
340
278
288
319
318
217
341
390
249
288
271
305
314
291
341
277
375
270
275
338
287
284
296
320
314
327
277
266
306
293
337
273
327
272
317
358
238
358
280
224
394
323
249
271
403
268
264
306
325
297
311
284
281
327
263
304
306
260
287
394
227
297
369
312
314
325
264
273
354
272
193
430
394
233
245
341
300
295
281
314
307
264
333
281
328
369
241
260
395
251
417
246
289
340
304
205
481
310
246
257
241
330
500
232
243
343
273
313
235
385
299
292
285
217
434
329
350
241
265
329
316
254
346
325
303
257
294
351
286
231
258
453
331
262
269
279
265
324
283
279
228
482
230
285
277
319
294
306
276
289
313
383
246
236
402
234
294
294
333
279
269
297
349
259
308
368
254
314
354
253
294
252
304
259
295
248
366
255
381
272
264
316
292
321
270
350
329
271
402
294
283
284
284
303
318
244
326
285
395
264
338
264
333
217
321
285
259
295
340
278
288
297
293
347
288
245
364
323
323
261
304
316
269
346
310
282
281
341
317
279
320
339
257
378
319
294
277
289
327
282
292
293
312
257
341
288
282
269
402
273
291
295
292
323
271
283
322
311
282
288
323
296
283
322
269
291
290
349
256
338
311
309
246
342
301
292
339
262
319
266
293
308
267
357
290
284
295
317
262
324
279
288
308
279
255
360
287
299
298
282
348
293
290
307
309
328
349
283
318
298
327
306
300
279
299
325
300
277
314
310
285
286
297
273
309
286
302
287
323
297
287
292
303
281
346
304
299
268
332
288
325
293
283
361
234
327
298
323
282
290
337
298
320
265
297
288
299
284
307
381
269
280
326
261
338
327
280
275
389
251
303
276
267
342
329
289
327
300
274
348
294
279
293
301
287
338
291
277
351
364
286
268
339
314
292
291
279
309
292
309
305
299
269
381
286
330
281
288
327
296
281
281
301
292
275
366
387
298
246
418
290
271
296
297
273
304
340
297
300
282
288
342
300
308
259
354
344
259
354
429
270
267
320
272
308
349
307
269
351
294
274
364
289
287
367
302
292
327
269
282
344
298
274
261
330
346
281
293
300
281
356
299
310
300
257
345
312
262
353
278
264
358
249
310
284
326
309
303
296
326
289
263
327
299
297
278
355
278
307
310
288
276
287
262
315
279
286
318
312
296
273
339
273
349
266
334
300
292
301
249
315
328
297
265
254
415
282
262
302
379
272
303
250
342
294
310
310
270
328
295
338
313
292
312
290
275
303
315
307
268
282
267
365
313
244
302
290
319
368
262
287
328
289
294
312
277
368
243
372
305
266
273
318
327
302
254
297
406
290
242
349
247
316
385
261
258
284
419
244
224
420
203
385
295
398
230
295
246
307
332
376
330
247
265
307
261
329
224
390
283
267
332
272
233
366
294
292
279
322
237
259
457
261
279
240
356
273
305
281
312
322
306
264
279
398
238
360
263
273
258
360
280
328
313
235
379
304
285
302
293
272
306
302
417
251
254
288
360
326
234
336
278
294
356
255
293
306
318
247
319
329
274
277
293
313
257
344
267
360
264
299
239
323
346
335
222
308
289
329
344
279
218
253
566
203
246
231
342
344
261
319
314
317
277
292
302
296
343
288
271
316
264
334
370
266
294
281
319
305
292
301
304
308
287
312
304
294
299
301
306
299
306
305
296
301
301
301
300
304
302
301
301
304
301
299
305
299
314
306
296
289
315
299
301
301
301
301
299
309
299
299
300
305
302
290
316
305
297
298
305
301
300
300
304
301
301
302
302
296
311
300
300
300
302
301
303
300
303
303
301
301
300
302
302
300
302
302
301
300
302
301
301
301
304
302
302
301
301
303
303
300
301
302
301
302
301
302
302
304
300
302
302
302
303
302
302
301
301
301
302
301
303
302
302
301
302
301
302
302
302
302
302
301
303
302
300
301
302
302
300
301
302
302
302
302
301
302
302
301
300
302
302
301
301
301
301
302
302
302
303
301
301
301
302
301
302
301
301
301
302
302
303
301
302
301
303
302
301
302
301
302
301
302
301
301
302
302
301
302
301
302
301
303
301
302
302
301
302
301
301
301
301
301
301
302
302
302
301
302
301
301
303
302
302
302
301
301
301
302
301
302
302
301
302
301
302
301
302
301
302
302
302
302
302
301
302
301
301
302
302
301
302
302
301
301
301
302
301
302
301
302
301
301
301
302
303
301
297
304
304
300
301
303
301
301
304
286
310
308
298
298
297
301
304
299
317
298
293
292
319
292
302
304
292
325
300
264
321
347
306
244
322
276
322
343
264
277
307
322
296
285
311
266
331
304
308
250
318
348
297
244
255
363
321
270
328
300
257
332
326
248
304
271
338
355
289
233
339
359
247
331
347
292
296
194
408
278
319
348
208
359
272
256
390
265
282
292
318
339
373
229
237
300
368
287
271
258
469
245
252
272
388
358
260
258
306
328
260
387
278
342
228
291
317
318
209
425
271
292
312
299
332
236
340
321
286
302
286
300
219
299
543
163
291
256
379
309
237
319
325
333
220
261
300
273
408
403
211
215
357
254
333
284
300
331
233
312
360
265
333
286
239
469
207
372
211
369
247
486
216
273
279
295
292
263
305
532
219
214
324
276
283
327
249
229
354
368
234
244
321
379
229
355
262
368
314
256
293
257
291
278
340
375
244
362
325
292
266
385
249
379
272
283
277
350
336
303
304
241
393
450
264
258
306
275
389
285
294
269
276
410
308
257
320
295
287
289
304
341
270
357
265
295
292
344
252
330
274
305
330
295
253
366
287
284
309
294
277
378
267
271
284
282
363
275
314
286
315
351
329
282
278
384
264
306
297
312
299
309
291
265
305
288
295
298
285
310
305
328
267
303
299
327
311
334
288
268
333
435
273
290
250
382
282
282
288
279
372
296
281
296
300
267
289
303
291
279
306
374
289
284
306
309
310
308
288
296
287
336
308
308
291
278
286
380
246
311
292
299
317
304
299
321
292
281
312
296
299
289
319
282
347
278
301
282
310
288
294
301
294
324
291
299
285
325
328
293
280
270
380
279
317
311
286
300
294
322
285
278
269
339
295
311
285
356
330
292
285
359
231
298
389
264
314
256
340
312
300
284
309
268
297
285
345
300
284
331
279
304
273
319
394
317
311
307
273
299
321
298
293
299
300
293
265
345
273
362
315
279
308
298
292
282
312
286
353
303
274
292
282
290
300
260
353
276
340
279
340
320
332
291
286
347
314
350
284
318
282
323
289
318
294
286
296
309
331
294
267
282
313
308
294
281
295
324
342
274
286
305
287
272
299
268
271
314
335
281
285
317
290
319
266
344
319
281
304
261
387
291
298
286
291
308
292
264
313
316
286
251
252
444
251
348
251
334
283
281
305
340
239
323
307
281
288
364
298
302
322
277
327
328
259
342
294
261
301
283
363
270
234
326
301
268
319
249
382
243
416
285
240
264
396
326
251
266
306
302
290
354
252
302
326
266
258
321
316
317
250
265
330
393
275
272
252
346
385
278
247
331
296
429
222
343
279
334
282
263
338
258
339
269
360
277
352
275
219
460
227
369
269
269
296
300
293
310
273
278
297
470
225
310
293
289
306
278
365
278
284
287
290
359
257
386
269
251
302
299
326
291
287
293
292
351
272
299
279
270
377
285
295
283
319
269
321
270
319
351
309
280
273
288
344
307
287
292
325
294
318
270
287
349
330
298
274
272
323
320
310
266
356
248
331
295
302
302
292
289
296
326
311
287
281
312
299
321
272
339
291
293
313
294
297
296
300
301
302
303
305
304
304
303
303
303
301
300
301
302
301
300
301
301
303
302
302
301
301
302
301
301
302
302
302
301
301
302
302
302
301
301
302
301
302
302
301
301
302
302
301
302
301
301
302
302
301
302
302
302
301
302
300
301
302
302
301
302
301
302
301
302
302
301
302
302
302
303
302
301
302
301
302
302
302
302
302
301
301
301
302
301
302
302
302
302
301
301
302
302
301
301
301
302
301
302
303
302
302
301
302
301
302
301
301
302
300
302
301
304
302
302
302
302
301
302
302
301
302
302
302
302
301
302
301
302
301
301
302
301
301
301
302
301
302
302
301
301
302
302
301
303
301
302
301
302
302
302
302
301
302
302
301
302
302
301
302
301
302
302
302
302
302
301
301
301
303
302
301
302
301
302
297
305
302
300
302
302
302
300
301
302
302
299
301
305
301
301
302
311
296
300
302
299
302
310
299
300
307
300
301
300
306
302
301
302
301
306
302
301
300
297
314
298
296
299
305
290
320
319
288
293
300
298
304
302
301
299
302
307
299
292
315
308
295
299
301
301
302
302
302
301
302
301
302
301
302
303
300
303
302
301
302
304
310
292
305
305
310
291
305
296
300
302
290
310
313
278
312
316
293
289
304
318
296
299
300
293
305
312
292
313
291
309
295
296
306
301
308
307
298
296
298
300
312
312
298
295
300
297
300
301
299
319
288
307
300
325
260
335
336
277
286
308
267
301
349
310
278
290
291
291
342
296
311
316
262
268
445
245
331
270
290
355
275
336
256
374
237
353
309
276
351
252
268
292
320
371
186
384
266
309
304
291
363
248
269
375
258
291
375
203
297
350
266
265
329
380
252
217
301
351
270
291
345
267
286
330
269
357
231
291
352
308
231
335
282
242
432
267
335
273
242
362
303
348
172
339
352
295
243
325
289
291
278
314
313
295
367
276
311
238
325
359
237
342
306
217
387
259
269
288
310
263
380
287
174
408
292
251
302
359
144
585
254
327
307
251
314
316
256
502
222
255
289
292
362
238
290
374
250
356
240
268
307
252
352
224
315
364
256
292
255
339
288
322
360
266
299
274
351
303
276
322
298
268
383
301
346
255
326
333
343
273
297
271
293
312
289
278
303
308
287
330
272
277
324
308
260
296
320
270
277
324
331
279
308
322
257
303
263
275
256
328
270
331
286
296
347
306
278
273
321
303
279
265
325
315
281
316
322
295
327
282
297
314
290
276
355
254
278
295
303
275
294
290
293
307
285
284
309
302
301
314
297
280
350
265
303
314
273
345
290
281
307
278
324
306
290
299
281
351
284
289
314
293
293
319
297
290
293
302
339
292
299
300
301
288
354
296
290
315
269
322
325
293
298
285
328
297
293
297
303
293
324
300
295
300
310
304
303
293
333
282
293
292
306
302
293
292
300
336
298
293
329
298
310
293
294
295
293
330
287
291
310
295
302
308
292
302
353
315
291
294
360
309
280
321
302
293
314
292
293
293
303
292
320
279
299
304
316
298
302
298
291
293
297
296
290
311
304
304
293
287
303
318
294
287
288
313
300
285
297
289
286
302
354
282
299
308
299
342
300
294
291
268
316
280
283
311
295
303
292
285
263
334
281
307
306
289
296
291
329
316
360
282
300
268
334
298
300
328
283
316
304
267
286
314
277
276
297
337
267
287
297
284
330
295
322
289
299
306
342
280
308
289
247
370
266
284
311
293
273
333
296
300
340
263
314
380
272
267
342
290
306
295
274
274
360
296
295
254
326
343
275
348
267
328
321
284
276
294
275
330
313
265
317
340
280
299
288
236
427
268
268
346
279
280
293
324
311
301
263
411
315
264
262
316
347
282
275
297
306
271
399
301
259
358
279
283
256
336
268
300
264
361
271
318
276
315
303
250
361
252
318
282
315
333
280
288
279
350
290
247
359
267
287
371
267
258
333
276
316
296
278
301
345
277
304
327
232
359
401
262
258
314
333
282
273
283
318
320
304
274
283
336
281
314
361
282
282
280
305
368
221
347
306
239
353
292
268
293
317
348
292
269
278
355
292
337
282
291
309
319
303
327
231
320
336
271
337
281
297
284
313
326
275
288
345
284
282
253
342
352
316
275
285
297
323
293
291
300
309
323
290
265
338
298
362
279
265
299
314
299
300
301
302
302
299
299
303
295
310
303
309
310
299
278
276
351
320
278
288
299
301
305
310
301
301
302
302
298
294
323
294
297
294
315
294
305
297
300
301
303
301
300
302
302
301
302
301
303
301
302
302
302
302
300
303
301
301
301
302
301
296
309
300
301
301
301
301
303
302
302
301
303
301
302
302
302
303
301
303
301
302
301
301
302
301
302
302
301
302
302
301
300
303
302
301
302
301
302
302
302
300
302
302
303
301
302
303
301
302
302