286
291
297
302
307
310
313
316
319
322
327
330
333
333
306
232
335
350
260
326
419
273
293
266
386
316
284
324
365
325
183
356
258
302
300
227
281
339
240
327
283
258
361
387
275
270
451
194
461
304
252
301
256
347
348
322
266
301
227
528
276
214
337
291
291
341
265
416
368
222
302
273
386
343
201
378
256
277
168
502
194
348
333
181
245
340
317
308
279
402
254
197
362
270
285
298
338
401
216
265
294
449
238
202
320
361
301
270
289
273
218
475
175
322
222
338
167
433
262
325
347
323
270
304
342
266
272
286
341
288
315
357
214
268
326
252
369
316
258
395
244
353
263
269
334
355
267
304
336
314
310
260
279
314
462
244
317
287
271
349
276
306
339
252
304
385
265
265
397
280
278
287
264
352
256
307
313
272
251
403
298
309
297
277
329
300
240
346
286
319
328
260
367
257
325
283
259
376
261
330
270
400
272
249
337
329
337
276
267
332
311
266
380
297
324
244
347
271
291
334
255
381
276
268
288
367
249
294
311
307
251
366
283
268
289
243
449
260
292
296
318
280
337
302
304
326
260
285
306
294
299
284
325
281
301
315
238
391
269
265
361
264
325
247
311
256
402
245
312
379
245
299
356
300
336
270
346
297
378
269
329
260
335
306
287
293
327
277
308
313
281
344
263
322
292
297
282
395
219
296
281
275
306
267
338
251
297
317
319
314
279
306
254
352
250
400
258
304
293
305
260
334
322
144
497
237
290
289
288
309
248
325
305
225
340
343
266
277
325
260
235
424
313
274
220
357
303
288
244
359
315
240
399
246
264
368
280
229
387
297
258
291
353
273
383
247
241
323
256
361
257
295
299
344
283
318
331
342
293
303
373
206
309
339
249
333
268
347
283
306
219
445
234
236
296
261
417
248
237
351
297
232
361
264
288
310
266
329
354
318
316
302
246
333
364
268
383
213
355
251
274
349
371
228
254
350
301
322
285
293
352
465
202
397
268
243
283
302
290
400
308
263
304
299
250
313
303
418
245
312
344
302
266
296
298
384
265
216
401
297
280
297
217
371
313
310
186
273
356
390
242
205
417
263
268
257
400
273
246
307
298
274
369
288
262
354
216
379
340
237
275
279
267
391
266
264
325
295
266
364
290
223
353
324
241
331
307
319
278
331
304
302
320
290
306
296
297
311
301
304
303
290
300
309
306
292
303
304
318
302
302
294
295
305
303
300
301
300
306
302
305
302
299
309
293
306
302
270
327
290
286
323
308
296
290
306
306
301
300
302
302
302
302
301
302
292
308
301
300
304
305
299
307
299
302
301
297
308
297
302
299
301
304
301
304
301
302
300
304
300
301
301
302
302
302
302
301
302
302
302
301
302
302
301
302
302
301
302
301
301
301
301
302
300
302
302
302
301
302
302
302
301
301
302
301
301
301
302
301
301
302
302
302
301
302
301
302
302
301
301
302
301
302
302
302
303
301
301
301
301
302
302
301
301
301
302
302
301
302
302
302
302
301
301
301
301
302
301
302
301
301
301
301
302
302
302
302
302
301
301
301
303
302
302
302
301
301
300
302
302
301
300
301
302
303
301
302
302
301
299
302
300
301
302
302
301
302
303
302
303
301
300
301
302
301
301
301
302
302
302
302
301
304
302
300
304
302
301
297
306
302
301
303
301
301
302
302
302
302
301
301
302
303
301
303
299
294
312
300
295
307
304
299
290
310
302
300
298
307
301
301
303
302
302
306
302
300
303
301
298
301
308
297
301
305
292
311
300
300
303
310
301
301
300
302
301
301
305
299
301
297
304
302
303
305
301
299
301
302
302
301
302
302
302
300
302
300
303
302
299
290
310
309
297
301
301
301
298
304
302
295
306
314
300
296
300
301
302
302
302
307
306
304
299
300
302
297
304
308
306
298
297
315
309
297
297
303
300
304
302
287
318
301
297
299
301
296
312
314
292
295
298
302
295
309
313
295
299
301
302
286
317
307
313
276
324
296
292
299
303
305
309
293
318
290
309
348
275
304
294
303
282
308
313
351
242
307
295
269
328
296
343
279
304
309
325
300
141
444
233
332
229
329
318
268
319
263
289
260
289
362
294
250
403
336
164
389
318
188
391
295
237
321
320
297
269
317
340
291
232
220
364
321
206
312
231
366
284
376
183
429
393
165
300
120
386
448
296
223
237
301
296
381
422
176
349
223
232
346
290
302
114
449
364
228
265
220
427
284
217
300
318
280
282
298
288
425
395
106
331
353
409
194
456
178
358
174
448
213
323
372
297
222
357
253
302
384
316
337
255
137
401
365
261
271
125
599
182
249
327
292
236
393
273
380
255
323
398
286
313
228
551
161
384
270
312
181
489
251
239
435
176
364
352
181
397
243
292
279
398
298
308
302
346
240
278
382
244
289
298
384
313
226
274
282
289
337
327
291
226
373
304
152
606
168
318
531
184
436
231
306
240
302
562
183
116
606
139
390
190
338
239
298
240
227
242
388
217
272
326
334
249
284
311
311
439
211
341
316
287
403
279
285
325
278
272
322
292
277
350
245
273
510
226
280
270
360
255
292
261
413
266
218
337
294
292
248
221
359
354
247
217
369
272
275
311
322
215
469
208
262
339
300
281
278
337
276
290
353
357
243
287
227
374
268
306
310
265
263
238
360
282
290
293
285
311
245
412
251
187
412
299
292
319
314
314
307
298
259
292
224
333
305
267
286
235
347
252
275
337
272
343
229
269
330
282
267
308
287
304
222
293
248
296
211
442
235
278
286
181
526
245
235
362
273
285
310
287
287
323
350
246
370
293
292
331
271
305
351
272
298
314
256
351
301
299
233
368
302
230
382
243
390
334
178
554
262
217
330
204
470
233
264
315
318
279
299
233
306
340
247
432
233
353
368
179
496
227
375
315
256
339
293
322
343
285
265
373
298
373
149
537
231
247
312
291
415
244
361
384
247
229
361
332
325
256
265
400
258
204
355
372
240
312
343
277
331
249
291
237
462
263
261
323
237
366
234
299
325
327
263
271
288
345
219
334
274
320
288
249
354
260
433
268
284
295
246
258
391
332
247
282
389
266
382
442
199
209
413
280
270
328
290
259
389
279
263
266
374
287
324
308
282
285
401
303
363
223
337
337
273
332
280
316
288
324
288
238
447
232
255
374
238
335
364
204
345
326
243
334
301
263
364
301
271
236
332
332
250
302
297
305
325
353
237
261
369
301
276
278
255
395
314
267
188
426
395
230
269
297
265
386
274
282
299
296
314
309
276
325
362
294
343
260
271
308
300
303
302
292
304
289
308
306
296
326
314
293
296
280
308
306
299
298
299
296
306
314
281
298
343
296
287
294
304
304
303
288
319
293
307
276
314
339
284
276
311
312
299
310
294
293
311
310
305
288
303
304
300
304
293
311
299
300
301
304
296
303
320
312
294
298
288
287
339
292
284
317
299
301
302
285
313
298
309
302
314
298
287
299
300
314
305
300
300
296
305
302
294
307
313
300
303
299
283
340
289
311
317
292
295
296
315
301
301
299
301
301
301
302
286
307
308
295
320
291
295
304
296
307
301
301
302
302
301
301
304
305
300
301
300
305
308
297
298
298
312
303
304
297
300
301
302
301
302
302
302
301
302
302
302
302
301
297
307
299
301
302
302
304
302
301
301
301
302
302
302
300
303
304
301
300
302
302
301
302
301
301
302
301
302
302
302
302
301
301
293
305
302
302
300
299
302
302
302
302
301
301
301
302
302
301
301
300
303
303
302
302
301
302
303
301
301
301
301
302
301
301
301
302
301
301
302
301
302
303
301
301
302
302
302
302
301
301
302
302
301
302
303
302
302
301
302
301
301
301
301
301
301
301
301
302
302
301
302
303
304
301
301
302
301
302
302
302
302
301
301
302
302
301
302
302
301
301
301
302
300
302
304
301
301
301
300
302
304
296
306
308
296
300
301
305
290
291
316
304
275
302
328
290
316
298
275
324
294
317
277
341
279
302
343
240
320
257
351
311
177
375
320
271
321
266
333
306
278
281
287
394
252
288
341
317
233
412
304
374
218
282
370
279
330
298
255
315
363
265
298
321
294
306
361
260
335
229
309
215
405
328
289
324
260
231
343
266
318
429
181
373
231
254
322
435
298
231
351
427
171
355
388
347
114
415
292
232
502
224
195
181
512
276
305
278
47
570
409
217
341
260
285
189
551
426
193
250
196
385
300
250
307
323
255
271
527
188
277
271
253
395
475
201
257
104
605
224
231
448
132
374
338
301
171
512
200
258
335
290
365
274
275
66
477
390
165
319
386
253
249
381
300
324
255
291
324
228
501
172
260
372
208
264
390
266
353
292
225
344
315
327
351
281
251
260
483
300
226
385
310
228
444
268
236
350
264
344
287
295
267
285
466
282
236
469
323
293
296
295
282
407
253
300
337
267
256
294
239
373
237
325
287
294
318
269
301
320
313
279
251
340
279
295
288
287
302
286
296
283
395
269
283
324
246
390
256
301
327
294
273
323
304
296
292
249
365
308
318
314
292
270
330
298
243
374
280
273
315
327
283
312
349
235
282
280
293
295
309
346
277
306
298
305
293
322
274
301
281
311
258
336
298
262
259
317
277
266
305
286
304
265
314
283
295
336
240
357
263
264
271
286
296
350
351
262
256
334
277
333
286
258
325
286
431
250
239
333
300
324
245
372
293
270
247
269
271
360
260
289
245
296
409
236
475
258
275
355
333
257
318
332
280
293
293
264
384
292
260
230
349
281
249
305
242
437
263
225
289
290
288
251
374
276
229
430
247
305
228
270
323
222
382
246
299
362
219
398
219
478
265
223
394
250
312
282
378
299
267
252
423
282
284
376
237
282
327
220
289
474
208
379
313
207
468
335
225
337
285
347
277
294
299
197
432
326
207
387
257
305
237
429
246
326
290
168
367
454
202
269
278
357
317
279
283
294
378
234
276
344
239
335
308
320
382
184
355
290
274
413
252
293
296
380
225
409
269
317
267
331
295
325
288
289
411
249
239
295
306
443
274
317
296
232
330
333
331
253
293
309
315
345
268
318
273
231
497
278
261
237
366
280
290
342
311
262
365
272
286
348
303
248
307
361
295
264
297
283
309
334
293
244
347
313
269
303
320
241
354
320
282
284
306
287
322
308
293
295
298
303
304
302
302
302
302
296
306
285
337
292
335
318
281
290
292
308
302
302
301
302
301
301
302
301
301
302
302
302
302
301
302
301
301
302
298
306
303
300
302
300
301
302
301
302
302
302
302
301
303
302
301
302
302
302
301
302
301
303
301
302
302
301
302
302
302
301
301
303
301
302
301
302
302
302
302
301
301
301
302
302
302
302
301
300
302
302
302
301
302
302
302
302
302
302
301
303
301
302
301
300
303
302
299
306
299
302
301
300
301
305
301
301
302
302
301
302
302
303
301
302
301
301
303
301
301
301
303
302
301
302
302
302
302
301
302
301
302
302
302
302
300
303
301
302
301
301
301
302
302
301
301
302
301
302
302
302
302
302
301
301
301
301
302
301
301
302
301
301
303
301
303
301
301
301
301
301
302
301
302
302
300
303
301
302
302
301
302
301
301
303
301
301
301
301
301
302
302
301
301
301
301
303
302
302
301
302
301
302
302
301
302
301
301
302
302
300
301
301
306
299
300
295
286
310
308
295
299
324
283
344
296
282
281
348
328
265
297
317
296
300
308
302
316
260
311
362
332
239
376
229
308
355
329
268
310
334
294
313
323
282
320
277
350
190
403
265
207
312
223
408
274
276
254
479
248
120
454
165
427
347
241
416
216
64
515
293
204
359
120
387
600
303
170
92
488
421
182
181
305
417
197
275
344
281
404
513
215
213
387
356
247
340
290
250
323
218
605
440
276
422
86
379
286
439
170
7
475
427
236
257
251
349
415
298
385
381
149
451
270
351
285
280
246
401
152
512
399
153
441
99
326
339
277
317
250
317
255
365
341
237
365
280
375
247
340
308
183
421
222
176
411
230
462
116
403
248
263
357
284
228
419
220
410
254
285
358
222
399
251
168
491
379
274
225
337
346
203
370
437
210
265
266
408
125
453
295
229
275
286
448
279
238
267
330
249
275
323
195
485
289
250
291
279
292
311
310
251
258
342
274
331
248
323
297
239
419
277
342
299
273
322
262
296
432
239
212
371
301
265
342
252
372
244
369
240
386
326
173
467
267
286
265
341
577
204
261
289
265
318
371
246
351
279
358
285
255
277
253
422
241
280
331
289
308
278
410
213
439
266
262
301
452
259
256
286
312
320
348
301
258
327
284
326
264
338
358
255
362
241
266
331
260
305
309
282
289
344
311
261
286
282
302
271
300
351
311
263
319
262
312
282
461
176
351
243
291
384
367
269
256
392
287
224
353
230
245
545
242
233
356
270
247
295
277
389
285
294
227
323
321
402
259
272
338
291
274
324
319
299
318
283
303
281
281
323
268
227
399
278
273
313
292
277
337
302
289
326
277
306
309
283
317
245
340
319
239
272
316
285
276
283
334
348
362
262
287
298
329
282
329
328
270
277
322
274
276
314
276
281
293
296
254
400
278
283
304
244
349
278
346
200
424
264
288
294
196
446
322
270
226
373
263
368
260
380
236
260
376
299
242
268
305
312
367
238
296
327
212
451
291
238
318
345
279
273
260
367
422
230
271
399
278
265
299
394
259
252
389
381
274
324
288
298
271
374
358
250
223
455
214
340
265
203
385
313
216
365
236
336
285
269
327
388
246
274
287
319
291
299
262
306
373
121
456
240
310
237
355
261
307
362
232
330
320
223
397
338
227
307
325
190
425
285
262
314
251
325
297
302
211
305
337
305
167
367
279
351
253
298
251
333
364
249
325
332
330
284
288
220
452
237
277
309
185
369
378
240
277
278
407
339
281
269
304
287
316
246
356
286
319
262
261
406
331
254
241
319
427
243
276
309
308
277
383
306
304
236
322
314
321
277
270
296
328
302
297
297
301
301
311
300
302
298
301
300
302
302
301
302
301
302
302
301
300
301
303
301
302
301
302
302
302
302
301
301
302
302
302
301
301
302
301
302
302
301
302
302
301
302
302
301
302
302
302
300
302
302
301
303
302
302
302
303
302
302
301
301
303
302
301
304
298
303
302
305
301
299
301
301
302
302
301
302
302
301
301
301
301
302
301
301
301
302
302
301
301
302
302
301
302
300
304
301
302
302
302
301
302
302
301
309
299
297
307
306
300
299
301
302
303
302
300
302
304
300
301
301
302
301
301
301
310
300
300
301
301
303
301
302
301
301
302
301
302
302
301
301
302
302
302
301
301
301
301
302
302
303
301
301
302
302
302
302
301
301
301
300
299
304
302
303
302
302
302
302
301
300
303
303
300
302
301
301
302
302
302
301
302
303
296
303
301
301
302
301
300
303
301
300
302
302
301
302
301
290
312
301
296
304
303
301
296
302
301
301
302
303
301
302
301
301
301
302
302
301
301
301
301
300
304
302
299
301
302
300
304
303
305
300
298
304
299
301
301
301
301
299
308
301
300
255
340
332
288
282
306
297
302
315
332
293
267
311
306
338
323
271
298
311
298
322
271
321
310
307
295
266
299
363
275
307
262
299
357
281
308
261
300
334
291
281
333
390
89
298
353
76
411
445
180
335
308
249
291
327
218
380
251
343
298
318
265
269
343
205
351
354
272
270
287
240
404
240
187
518
180
371
200
347
131
485
386
201
268
256
352
219
422
281
166
423
281
253
268
272
357
247
293
372
208
351
275
250
411
206
288
293
405
284
176
353
337
343
282
167
405
300
205
439
250
319
326
118
309
433
402
196
272
174
562
135
286
463
285
413
241
183
378
378
257
274
263
228
423
222
386
178
401
192
346
328
323
259
216
308
290
287
243
218
542
142
283
375
236
388
223
404
226
302
285
256
372
294
320
312
260
200
407
288
281
292
236
317
324
287
282
278
425
312
271
266
262
344
321
372
268
313
271
285
292
276
309
282
254
346
260
250
312
205
394
304
301
251
344
248
344
332
251
282
334
236
349
308
256
219
449
284
233
376
278
251
375
278
240
341
289
351
266
283
323
304
334
291
289
281
336
339
326
296
276
287
345
295
327
304
295
292
305
246
325
307
278
263
391
276
281
266
351
312
266
261
271
297
349
326
314
293
278
316
325
289
267
324
299
359
278
259
311
345
252
346
303
242
372
262
263
332
257
349
253
320
307
281
279
271
378
330
256
291
290
333
294
292
250
333
311
259
329
319
278
288
293
280
332
321
253
360
267
334
286
316
285
297
278
405
248
315
267
341
320
322
280
276
345
315
258
282
329
315
280
275
371
273
285
285
341
278
298
289
260
356
268
268
304
293
309
309
276
315
324
273
276
340
292
292
255
291
407
293
280
302
256
322
293
280
314
311
246
406
279
217
470
251
296
278
282
313
248
348
320
281
295
344
261
207
457
258
236
357
396
264
215
396
360
295
240
324
323
291
336
295
244
315
368
249
346
314
243
378
325
384
310
289
281
300
313
310
295
268
367
272
325
352
246
344
272
339
299
282
298
295
346
253
235
422
328
177
384
233
454
251
277
292
268
359
363
242
253
300
339
255
238
426
266
363
211
341
382
251
274
301
293
392
231
372
369
256
231
347
290
317
256
312
306
292
441
250
214
376
375
306
298
273
317
306
284
321
315
276
315
408
216
275
457
237
292
307
284
296
386
261
312
272
395
281
284
308
303
263
358
199
416
289
253
284
258
320
361
241
311
295
327
320
321
177
448
320
254
233
313
341
277
312
237
361
394
198
314
365
229
335
303
274
297
357
255
371
279
216
318
390
272
281
299
289
321
293
314
304
297
301
302
301
305
260
344
298
293
298
301
301
302
303
303
302
301
310
299
301
300
308
298
305
304
299
288
317
299
300
300
302
302
302
301
302
302
300
301
302
301
303
301
301
301
301
301
302
301
301
302
302
303
301
302
301
301
301
301
300
301
301
303
302
301
300
303
301
301
301
301
301
301
301
301
302
303
301
302
301
302
303
301
301
302
301
302
302
302
301
301
302
301
301
302
303
302
301
301
300
301
301
301
300
302
302
301
302
300
302
301
302
301
301
302
301
301
301
302
301
302
301
302
301
302
302
302
302
301
302
301
301
302
302
302
301
301
301
302
301
302
301
301
302
302
300
303
302
301
302
301
301
302
302
302
302
302
301
302
300
302
301
300
302
301
302
302
302
302
302
302
302
302
301
301
302
302
302
302
301
301
301
301
301
302
302
301
302
301
301
302
301
302
301
302
302
301
302
301
301
302
302
300
303
303
300
302
302
301
301
301
304
301
302
302
303
301
301
302
301
300
299
303
303
298
310
307
298
300
301
302
299
302
300
303
301
297
268
336
313
292
315
310
299
300
300
293
306
304
294
306
311
285
345
298
286
280
307
292
321
295
298
301
313
303
245
357
303
287
294
295
304
291
310
314
251
348
242
340
288
300
314
331
291
287
321
336
348
299
276
329
300
333
310
337
239
308
293
257
369
216
398
286
322
334
238
211
439
372
324
147
321
366
215
354
285
244
323
277
173
351
417
230
305
320
248
335
215
326
383
246
350
362
231
307
231
269
360
312
48
446
337
268
227
258
366
353
267
353
249
389
275
210
419
281
307
275
209
442
183
485
213
260
391
160
385
385
273
203
313
421
198
387
338
78
326
511
130
240
283
449
387
191
322
251
446
237
367
119
529
210
258
332
307
312
294
348
247
159
369
379
104
443
296
302
252
313
189
451
292
264
252
423
186
384
285
336
307
225
365
296
197
342
277
460
159
365
233
264
264
342
289
324
240
312
293
267
282
412
316
215
333
299
325
240
408
263
266
264
343
370
254
277
287
339
308
222
346
313
292
293
279
339
365
295
252
370
265
309
349
248
368
333
260
328
259
280
278
376
262
293
311
349
287
298
306
228
450
311
256
303
295
254
391
257
287
351
252
338
310
240
322
267
291
287
282
320
238
384
267
236
486
274
275
237
389
292
227
321
241
317
284
302
297
299
327
324
278
259
279
179
510
266
357
209
283
443
381
308
246
344
255
372
363
356
252
298
290
324
282
320
261
283
353
257
298
247
397
379
286
217
305
354
248
323
308
288
233
381
248
331
283
290
192
351
287
230
347
304
317
258
297
274
290
364
250
340
244
394
314
247
354
275
348
285
272
237
383
299
246
321
241
441
356
180
269
371
305
304
254
296
413
231
329
268
286
286
222
357
304
249
301
287
280
253
332
187
421
253
283
297
285
228
333
183
528
256
271
332
278
333
221
384
195
344
247
318
303
268
456
249
272
317
347
243
316
280
305
278
333
317
268
289
170
476
301
251
315
257
343
358
267
256
297
371
321
275
279
264
385
315
242
289
250
400
247
298
317
232
269
343
230
405
369
212
277
425
278
324
242
281
338
300
284
259
259
393
385
282
218
303
388
318
209
462
338
255
298
393
179
468
243
202
391
236
320
269
304
201
450
245
241
292
294
420
236
330
329
266
255
359
302
272
409
253
272
327
245
226
414
383
173
346
205
412
279
234
369
206
284
387
286
332
144
437
306
250
298
220
398
337
112
538
203
397
238
256
369
300
256
240
408
200
328
309
299
272
331
325
312
223
322
326
294
345
297
168
435
441
103
297
334
347
308
231
346
401
216
274
285
312
332
411
230
255
428
310
234
252
277
382
348
245
257
235
376
363
250
218
384
259
380
373
236
307
253
391
281
314
198
414
274
269
346
294
250
331
304
292
301
339
237
375
300
253
330
320
269
310
292
311
346
279
276
322
339
288
294
293
297
304
310
300
280
307
330
286
307
308
295
302
301
302
302
301
302
301
302
298
304
311
299
300
300
301
302
302
301
303
302
300
304
302
301
301
302
302
302
301
302
301
303
302
301
302
301
301
301
302
301
301
302
302
301
301
302
302
301
301
302
302
301
301
303
301
301
302
302
303
302
302
301
301
302
302
302
301
301
302
301
301
301
302
302
302
302
302
302
302
301
301
301
301
303
301
301
301
301
301
302
301
302
302
301
302
301
301
301
302
301
302
301
302
302
301
302
301
302
302
301
302
302
301
302
302
302
302
302
302
301
302
302
301
302
301
303
303
301
297
305
290
310
302
300
298
306
300
291
312
299
301
301
303
302
303
285
304
303
303
302
302
298
298
307
285
313
299
298
305
307
302
286
308
302
304
287
289
306
314
293
298
310
285
304
308
297
297
303
312
297
299
302
301
304
287
318
295
298
292
312
296
299
299
310
302
299
269
318
310
297
305
294
301
291
306
302
304
301
304
302
300
301
291
312
299
300
282
328
314
287
299
297
299
304
304
300
304
297
298
300
318
309
293
296
299
302
303
306
302
307
297
307
308
304
301
301
298
304
302
302
301
306
301
299
301
295
297
304
319
305
300
283
311
314
299
299
302
300
260
333
336
291
285
292
307
306
299
295
294
317
294
307
296
259
315
340
297
274
302
299
311
293
301
305
317
258
322
301
270
325
320
294
270
364
325
215
346
207
363
367
260
255
292
156
418
303
319
174
392
292
264
327
181
341
339
308
257
346
396
360
252
266
297
220
421
290
238
308
363
285
274
308
363
246
256
426
240
108
484
198
368
306
216
313
341
204
349
441
348
263
160
311
385
227
392
304
86
401
218
386
249
318
252
390
312
179
449
310
320
213
203
360
419
250
480
252
215
393
307
324
191
360
246
364
338
204
408
250
306
151
605
197
234
259
412
268
269
277
268
319
223
394
291
246
346
180
337
417
202
377
255
389
201
240
419
244
304
247
341
303
388
242
347
264
336
323
205
331
187
333
253
346
276
260
268
412
220
380
317
227
301
294
279
289
348
147
545
235
269
263
330
290
261
321
289
363
265
226
408
307
274
355
217
303
280
247
402
263
298
332
275
342
288
189
404
288
352
295
303
266
294
456
240
267
344
260
312
256
360
261
280
320
275
235
429
258
258
306
312
264
316
315
271
381
346
361
263
316
220
341
266
249
313
341
279
324
278
285
373
264
350
260
304
307
319
299
248
352
301
277
274
312
505
193
413
285
284
294
206
412
317
297
263
431
226
310
302
273
304
357
290
252
342
260
256
316
317
308
301
260
265
375
261
294
416
267
282
274
269
337
280
286
276
271
369
249
335
299
281
348
294
277
350
253
284
281
321
267
296
253
377
279
265
302
304
284
324
286
387
244
350
332
274
295
366
267
256
458
269
299
259
335
280
271
318
269
389
312
277
297
282
255
346
287
275
331
300
243
350
279
284
325
320
264
342
325
296
263
279
440
280
260
283
268
374
315
268
243
367
264
334
273
292
321
323
261
308
326
224
354
309
311
360
257
333
415
261
231
515
189
442
278
291
271
299
243
430
277
242
341
378
287
250
331
320
274
329
288
346
274
339
253
319
249
466
302
247
315
340
213
401
358
275
330
199
462
313
254
315
280
478
318
220
217
385
259
256
238
437
229
367
266
263
354
257
221
348
347
211
349
246
361
242
272
399
297
254
258
447
210
345
278
273
322
402
181
312
341
238
261
333
275
347
242
268
253
341
263
226
464
224
189
425
237
269
334
288
254
348
191
473
316
375
200
178
491
199
310
435
188
309
332
236
427
233
307
352
231
362
249
304
307
335
209
303
432
244
288
154
466
363
221
230
316
296
352
314
290
284
222
395
298
232
309
160
557
296
214
347
179
423
278
233
303
327
220
395
387
283
214
288
306
368
227
366
230
361
243
360
377
275
238
309
302
260
327
347
263
202
449
258
247
342
300
296
250
263
384
253
269
383
247
265
309
301
319
278
309
318
244
385
255
352
384
224
332
244
297
348
282
304
306
216
307
397
175
378
320
200
433
282
301
322
238
357
360
252
295
288
291
352
323
337
254
349
274
259
303
267
346
307
313
299
289
308
306
287
314
299
297
307
302
294
303
295
310
302
293
310
309
298
298
300
301
302
303
304
304
300
302
301
302
304
300
302
308
299
303
302
300
301
301
302
302
302
301
301
301
302
301
302
302
301
300
304
303
300
304
301
301
301
305
304
301
302
301
301
301
302
302
301
302
303
301
301
303
302
301
302
302
302
302
302
302
301
301
302
300
301
302
302
301
302
302
301
302
300
301
305
301
301
303
301
302
302
300
302
301
300
307
301
301
302
300
303
301
301
302
302
302
301
301
302
301
301
301
301
299
302
303
304
300
300
303
302
301
301
301
302
301
302
300
300
305
302
300
302
301
301
302
302
302
302
301
302
301
301
302
303
301
300
302
302
301
301
300
301
305
302
300
300
302
301
302
301
301
302
304
301
302
300
301
300
304
303
302
302
302
298
302
303
300
302
300
305
302
302
300
301
301
302
299
304
300
301
299
305
300
301
301
301
301
302
301
302
304
302
301
302
301
303
302
301
301
300
301
301
301
303
302
300
298
298
305
304
300
302
301
301
302
301
301
301
301
302
301
301
302
299
305
304
299
294
307
311
297
301
299
300
301
300
302
301
302
300
304
305
295
264
355
304
285
291
294
317
300
295
278
346
296
256
320
341
291
273
301
325
293
315
319
272
281
310
284
338
324
283
288
302
287
264
414
265
233
337
321
290
322
302
297
311
301
293
283
398
175
403
393
112
474
247
356
317
204
367
320
196
407
124
440
231
307
293
311
183
121
548
351
271
212
204
348
124
571
279
292
260
92
497
344
351
198
343
325
256
315
161
507
79
437
348
230
188
348
330
356
251
336
226
312
201
378
303
456
397
112
342
236
308
324
382
296
301
30
539
372
212
130
461
388
161
281
464
251
227
202
431
387
247
156
498
194
482
196
220
338
277
356
190
383
187
387
309
292
200
313
420
115
492
263
212
241
434
273
287
289
273
423
193
477
197
385
165
425
223
296
297
303
279
322
382
221
411
319
259
342
280
270
304
386
404
262
258
319
277
275
369
301
218
394
267
307
284
267
301
358
301
242
492
282
258
285
274
297
310
275
295
337
291
292
239
381
263
311
263
288
352
296
337
284
326
265
298
282
340
282
278
350
272
303
332
344
281
290
313
261
337
289
277
351
319
249
356
275
246
365
247
307
283
298
310
302
254
357
272
281
314
275
382
292
287
294
309
259
387
289
282
276
329
297
296
308
289
284
318
336
281
284
340
300
282
335
274
326
268
293
320
316
287
301
293
286
342
306
298
288
274
356
344
271
289
292
297
344
283
274
294
309
276
318
306
280
334
274
312
315
290
274
349
274
280
324
283
302
311
343
296
261
342
273
347
310
251
407
244
382
252
392
268
292
297
312
293
294
329
291
307
297
294
301
265
304
339
302
297
316
291
304
288
266
416
247
280
347
257
336
252
360
282
266
317
306
305
293
282
333
318
290
272
298
286
414
277
268
258
342
282
290
258
286
332
282
292
297
336
315
319
276
302
367
300
245
309
305
315
274
315
291
217
431
284
247
295
316
307
281
308
307
279
347
246
316
381
249
306
272
285
287
309
332
286
261
365
264
330
241
299
343
323
249
257
324
291
292
325
287
273
271
360
348
261
245
375
228
331
339
278
271
280
283
315
295
260
281
367
307
306
182
347
291
263
317
296
244
330
309
240
330
354
307
246
393
263
282
264
446
278
249
309
301
266
322
319
325
307
289
261
335
300
332
300
266
235
327
399
258
266
277
301
327
294
264
249
481
226
281
275
304
367
263
306
262
298
415
348
219
335
229
344
308
274
315
316
313
313
298
278
325
403
241
270
308
280
389
259
329
264
261
356
397
249
276
248
342
379
236
269
308
284
334
341
238
342
313
230
340
340
240
367
274
254
288
357
297
283
277
317
346
286
279
297
291
312
309
299
303
293
298
300
308
304
289
317
322
291
274
329
303
294
299
301
302
303
302
302
303
302
300
302
301
302
302
303
301
301
300
277
329
325
292
292
300
300
300
302
302
302
302
301
301
301
302
302
302
302
302
301
302
301
302
302
302
300
301
302
300
293
308
303
301
300
300
301
301
302
301
302
302
301
301
303
302
301
302
302
302
302
300
303
303
301
302
300
301
299
303
300
301
301
301
302
302
304
303
305
303
294
305
300
302
301
302
301
300
303
301
301
301
301
301
304
301
302
302
301
302
300
302
298
304
307
298
299
300
302
302
302
302
300
302
301
302
302
302
301
302
302
302
302
301
302
301
301
302
301
302
