319
312
305
298
291
287
284
283
280
278
276
275
275
276
313
283
271
444
288
292
303
271
414
270
278
344
334
262
329
289
303
301
296
316
303
310
312
309
279
293
298
293
309
310
297
282
322
295
281
320
311
343
287
300
293
284
321
310
280
284
263
307
336
323
278
327
313
303
296
310
302
302
306
315
290
317
276
297
326
299
311
315
289
288
298
294
334
278
310
296
288
313
294
291
330
287
285
383
286
314
295
311
312
289
295
276
302
318
285
283
308
313
316
288
299
263
334
302
285
294
284
308
289
293
283
316
307
307
295
281
279
263
431
277
310
286
292
330
355
318
282
308
293
357
272
294
312
292
306
305
291
301
299
328
343
279
291
283
345
282
339
284
274
340
270
326
291
324
295
282
299
268
353
287
304
324
302
277
299
345
276
304
288
274
355
280
314
296
295
285
330
299
293
298
328
304
304
287
313
300
318
287
281
337
291
281
283
293
312
290
286
281
311
341
304
287
291
301
311
300
303
279
288
290
324
277
305
288
308
308
294
291
270
350
306
291
308
247
368
307
299
275
324
271
337
307
331
267
309
286
335
293
270
332
303
308
294
290
277
313
309
286
323
266
320
328
312
276
296
282
283
361
303
304
283
266
344
307
308
283
291
302
311
333
294
293
284
281
329
314
267
312
292
293
331
279
276
343
277
287
326
287
296
317
336
266
266
343
317
278
291
304
294
277
326
322
271
322
292
300
295
289
299
293
301
333
315
292
291
277
331
315
283
280
311
357
279
285
297
301
305
302
293
284
356
288
286
289
306
318
298
304
297
296
306
304
301
301
301
305
302
302
302
301
302
301
300
301
300
286
323
314
270
346
300
286
296
301
302
302
302
301
301
302
302
303
302
302
301
301
300
297
309
286
314
309
294
301
297
304
301
301
302
303
302
302
302
302
302
302
301
301
301
302
301
302
301
301
301
302
301
302
301
302
302
302
301
301
303
302
300
301
301
301
302
302
302
301
302
302
302
302
302
301
302
300
301
302
302
301
301
301
301
302
302
302
302
301
302
302
301
301
302
301
301
301
301
301
301
302
302
302
302
302
302
301
301
302
301
302
302
293
309
305
298
299
300
303
301
301
301
302
302
301
302
300
302
302
302
302
300
300
309
305
298
296
307
303
302
298
299
301
301
302
302
301
301
302
304
301
305
303
307
290
310
307
302
296
299
301
301
302
302
307
300
301
309
304
297
298
300
309
313
301
296
308
302
295
298
303
303
295
298
310
312
274
327
302
273
331
295
275
318
295
319
291
317
291
287
305
323
302
301
305
292
290
283
318
289
326
314
298
266
312
239
365
349
265
282
297
332
288
305
313
291
277
319
288
357
309
301
259
282
353
300
295
268
342
282
343
317
282
306
312
299
288
297
274
392
284
265
295
264
326
339
298
274
309
286
392
249
286
308
310
309
286
316
312
293
295
266
362
294
319
280
292
292
295
308
329
278
260
380
309
285
321
299
314
284
306
298
302
290
300
319
315
315
329
290
296
309
285
381
277
285
305
344
276
315
285
296
303
271
365
313
278
308
292
369
271
325
276
309
369
271
272
319
298
280
366
236
334
287
288
306
327
288
306
299
295
301
327
294
289
303
303
295
290
290
317
307
306
279
329
316
282
278
351
265
297
300
293
336
311
285
294
296
288
332
274
301
310
339
286
300
291
282
315
290
322
287
277
352
301
290
292
309
307
293
291
298
333
284
292
322
312
293
288
310
299
304
295
300
310
285
314
283
310
289
289
305
297
307
307
298
298
302
291
295
320
292
291
312
301
293
303
289
304
296
293
306
328
301
314
295
298
309
309
298
295
339
286
295
309
299
293
290
264
311
284
290
304
296
324
312
291
313
319
286
309
295
309
298
299
307
288
300
294
307
293
303
303
315
297
310
289
284
293
296
293
305
283
301
298
291
303
297
288
289
296
296
293
305
282
297
283
295
297
339
326
289
319
301
298
285
297
322
279
319
316
306
290
293
289
299
291
272
315
313
289
274
320
294
320
283
269
356
297
290
307
294
323
283
308
287
314
291
342
305
298
285
305
318
278
280
306
298
309
321
274
336
287
309
316
305
292
270
306
281
333
262
328
286
303
277
329
274
291
296
311
274
324
287
293
295
297
309
280
338
325
294
311
287
301
307
292
286
277
334
269
334
282
272
343
292
288
300
333
279
335
286
296
341
288
281
330
274
264
326
282
287
345
294
307
293
311
296
291
294
300
285
317
280
348
288
285
266
363
300
276
314
296
273
349
301
322
281
303
322
277
283
391
296
318
265
309
318
301
297
291
290
308
307
290
269
332
293
292
283
328
298
272
339
274
321
256
375
333
282
277
268
353
311
275
279
262
336
317
280
285
310
343
282
279
322
275
328
289
307
350
271
282
352
295
280
306
323
311
316
273
287
338
321
263
309
318
292
317
317
281
262
353
312
283
274
306
324
301
296
294
299
283
368
301
270
281
302
322
318
282
289
333
272
329
297
286
290
303
309
309
310
298
282
294
294
363
291
270
292
343
316
283
288
297
332
313
302
264
308
344
285
269
320
302
292
310
290
288
379
276
282
270
353
290
289
301
301
309
299
296
296
318
320
289
283
287
330
292
274
326
292
310
312
291
297
299
300
309
300
300
301
302
304
293
293
327
294
297
295
294
324
296
299
297
306
300
300
301
301
305
304
303
300
301
301
297
306
307
302
280
304
330
301
292
292
312
300
302
312
297
299
300
302
301
303
302
301
303
301
301
302
302
296
304
307
310
299
302
300
299
301
301
301
301
302
301
301
301
301
302
303
302
301
302
302
301
301
302
302
301
302
303
301
302
302
301
302
302
302
301
301
302
301
301
302
301
302
302
301
301
301
302
302
301
302
303
301
301
301
302
302
301
302
302
301
303
302
302
301
302
301
302
301
301
302
301
301
301
302
302
301
302
302
301
299
303
300
301
301
301
302
301
302
301
302
302
301
301
302
301
301
302
302
301
301
301
301
302
302
302
302
301
301
302
302
302
302
301
301
302
301
301
301
302
302
301
302
302
301
302
302
301
302
302
302
302
302
301
302
302
301
301
302
302
302
301
302
301
302
302
301
301
301
301
302
302
302
302
302
302
302
302
301
301
301
302
301
301
302
303
302
300
303
300
299
303
300
301
304
301
301
295
299
308
306
299
299
293
304
299
309
308
279
280
337
311
272
310
310
271
326
299
332
254
312
340
283
287
312
289
285
334
305
226
337
295
312
303
279
294
325
277
331
293
266
290
322
325
277
308
283
310
296
299
331
287
258
312
369
266
288
293
352
274
282
302
290
341
295
275
297
313
291
282
361
278
287
318
316
288
315
288
275
329
314
270
320
292
297
291
312
277
325
261
308
363
259
321
309
269
315
292
287
307
304
294
331
259
320
318
310
339
260
299
269
325
312
284
313
317
272
267
343
320
283
267
274
351
302
264
299
308
274
338
311
273
308
315
277
313
322
292
288
281
291
369
300
275
301
285
343
304
275
275
317
330
301
275
306
264
346
345
264
285
284
357
289
279
354
283
296
316
308
292
314
293
282
306
281
308
293
338
341
283
290
326
284
286
303
325
294
311
294
289
323
307
279
295
311
276
304
324
287
290
284
306
290
301
293
294
319
293
268
337
322
274
282
289
268
273
401
280
294
276
341
345
278
259
350
306
264
304
283
267
280
300
304
288
284
367
332
284
273
318
328
281
259
315
335
324
282
281
297
342
266
294
295
282
350
280
363
284
280
335
305
302
284
357
349
260
320
290
299
328
309
286
298
298
287
293
377
260
324
285
269
344
287
288
260
371
327
282
284
302
298
294
322
283
385
287
278
320
308
292
324
298
316
302
335
278
319
322
296
311
268
376
289
274
360
289
286
308
275
314
295
288
294
271
322
277
332
287
286
306
309
295
304
295
296
328
294
339
294
306
294
290
346
294
291
290
323
286
291
310
292
280
308
305
290
319
320
305
292
286
274
300
338
276
304
307
305
299
300
304
280
330
300
285
288
295
272
338
314
286
292
327
282
292
297
287
281
319
311
281
296
304
277
296
268
322
344
279
294
313
293
298
279
323
305
281
307
311
287
301
300
283
281
368
284
310
286
311
304
308
283
283
319
307
269
354
318
309
289
312
289
295
304
321
313
291
278
345
279
316
290
315
300
288
341
293
290
278
303
320
287
291
304
302
289
308
326
286
281
332
310
299
288
290
313
289
305
292
296
337
281
312
293
318
287
322
301
294
298
311
304
293
288
295
346
300
310
301
304
298
297
294
307
305
297
291
318
312
298
277
341
281
301
321
274
304
306
294
295
294
308
321
286
292
340
288
293
320
302
281
304
311
320
291
291
315
259
332
318
297
270
291
315
316
298
287
298
288
344
298
283
284
299
313
328
293
282
288
316
310
293
304
289
273
371
296
278
303
302
309
296
301
302
294
319
294
301
289
310
297
302
305
294
296
295
313
296
292
331
304
272
292
353
259
329
280
287
307
296
305
294
289
300
342
297
271
286
338
304
287
297
300
295
312
308
300
288
348
290
268
314
317
279
305
304
308
292
300
308
315
297
285
304
314
304
293
315
294
302
308
299
299
306
294
299
324
298
289
328
296
296
306
297
301
300
302
302
302
302
302
302
302
301
303
302
302
301
301
301
301
302
301
302
300
300
304
295
308
303
301
315
292
298
302
301
300
301
303
303
302
302
302
301
301
302
300
303
301
303
303
306
299
300
301
301
301
302
302
302
302
301
301
302
301
302
301
302
302
301
302
302
301
300
302
301
301
302
301
302
301
300
301
301
301
301
303
304
305
306
304
304
302
301
301
301
301
302
301
301
302
301
302
301
301
301
301
302
301
302
301
301
302
302
301
301
302
302
302
302
301
301
302
301
301
302
301
301
302
301
302
302
302
302
301
301
301
301
301
301
302
301
302
301
301
302
302
301
302
301
302
302
301
300
301
302
301
302
302
302
301
301
302
302
301
302
302
302
301
301
301
301
302
301
301
301
301
302
301
302
302
302
302
301
302
302
302
301
301
301
302
302
301
302
301
301
302
301
302
302
301
302
302
301
301
302
302
301
302
302
302
302
302
302
301
302
301
301
302
302
302
301
303
302
301
301
301
302
302
302
302
301
302
302
302
302
301
301
301
302
302
302
302
301
302
302
301
302
302
302
302
302
301
302
302
302
301
302
301
302
303
302
301
300
301
304
300
305
302
299
299
302
303
303
299
302
304
305
299
300
307
302
299
304
294
308
302
298
293
309
306
306
299
291
301
311
309
276
310
293
341
289
286
275
316
343
286
291
303
290
319
307
275
317
314
297
292
291
296
335
291
268
349
266
318
313
267
320
323
290
273
321
287
332
284
327
288
278
295
336
315
272
283
316
303
313
299
262
334
290
295
302
331
290
301
275
295
375
266
305
289
298
341
267
347
291
287
296
272
334
294
275
330
253
337
324
299
265
297
353
285
320
268
280
322
322
320
280
264
337
339
266
279
311
301
302
320
258
289
389
262
321
265
300
364
263
291
336
285
302
300
324
287
260
342
315
242
320
335
309
282
289
289
291
345
284
305
295
299
306
299
298
286
308
322
279
339
279
282
387
266
331
271
303
290
326
341
278
284
301
289
299
383
271
306
325
300
275
329
274
290
300
304
307
320
294
306
279
302
285
313
342
284
295
303
291
385
282
288
261
355
297
283
297
300
295
275
397
286
274
327
299
279
297
294
298
300
329
277
312
376
278
242
318
344
265
274
348
307
324
331
289
261
370
268
317
295
349
320
269
280
320
328
253
296
288
300
354
313
266
342
289
288
325
291
281
320
305
296
268
259
351
273
286
301
294
337
305
290
287
325
313
314
291
276
314
273
305
303
257
363
279
310
269
365
308
284
278
324
330
274
262
395
267
298
288
296
287
287
289
292
293
271
283
278
415
283
287
339
273
401
281
287
299
302
306
285
287
275
310
309
316
275
336
293
295
329
294
288
304
288
350
303
315
313
294
286
303
293
308
282
313
300
299
291
268
318
296
292
311
286
342
293
307
292
295
297
308
301
297
294
261
334
294
292
289
326
290
297
291
312
292
301
314
292
247
288
297
309
296
312
294
313
292
343
299
299
283
306
308
315
299
295
277
299
340
341
261
327
292
306
291
298
315
300
308
288
299
297
282
282
311
301
340
287
286
321
314
301
319
274
336
304
294
336
324
289
276
277
360
322
278
327
324
284
292
297
298
287
303
290
345
297
271
338
290
289
283
306
307
307
322
276
307
313
263
310
282
298
346
305
285
292
315
310
277
300
305
250
410
294
259
314
312
279
341
285
311
303
290
279
335
333
233
376
272
295
290
284
279
346
305
263
316
280
284
338
297
256
271
386
266
286
313
273
289
393
277
271
293
331
330
271
273
319
277
339
306
284
278
324
349
278
289
288
297
364
269
279
290
311
314
277
286
302
333
279
323
297
265
265
388
349
277
263
226
458
261
267
268
272
418
284
271
297
295
271
327
345
223
379
289
298
280
279
330
312
228
372
349
261
277
319
280
310
303
296
266
355
294
310
294
299
288
272
363
283
305
282
299
295
301
310
312
299
265
334
314
300
274
296
327
318
274
303
305
318
285
297
327
286
250
340
358
254
292
315
293
323
290
292
259
350
322
278
289
298
316
289
274
343
346
310
275
284
283
301
356
282
288
239
381
324
269
281
273
331
335
286
295
290
312
317
295
295
295
296
328
331
268
286
296
305
300
301
303
297
329
289
300
296
291
315
309
295
299
300
301
302
302
302
301
302
301
302
301
301
302
301
302
303
300
301
302
303
300
309
301
299
301
302
301
301
301
302
302
302
301
302
301
308
306
300
301
299
300
301
301
301
301
302
302
303
302
302
302
302
301
302
301
301
301
302
302
301
302
301
302
301
301
302
302
303
303
302
301
302
301
301
301
301
302
300
301
302
301
301
301
301
302
301
302
301
302
301
301
301
301
301
302
300
302
302
301
301
302
302
301
300
302
301
301
301
302
301
301
301
303
301
302
302
302
302
303
302
301
303
303
302
302
302
304
304
304
304
301
301
300
300
301
302
301
302
301
302
301
302
301
302
302
301
301
301
301
301
302
301
302
302
302
302
301
301
301
301
301
301
301
302
302
301
302
301
302
302
302
300
302
303
301
301
302
301
301
302
301
302
302
302
301
302
301
301
301
302
301
302
301
301
301
302
302
302
301
302
301
301
302
301
302
302
301
302
301
302
302
301
301
302
302
301
301
301
301
301
302
301
301
302
302
301
301
301
301
301
302
301
302
301
302
301
301
302
301
302
302
302
301
302
301
301
302
302
302
301
303
299
303
304
300
297
300
308
302
298
301
300
301
304
301
299
304
308
301
297
303
305
297
309
303
298
301
301
301
302
301
301
299
302
307
294
315
309
322
301
286
309
282
312
286
331
302
290
256
337
318
290
296
293
335
280
294
326
289
284
292
311
304
294
311
244
379
287
327
286
272
298
272
329
317
315
287
304
257
306
316
313
308
305
309
284
319
274
312
287
308
304
327
288
294
309
305
301
292
307
312
304
285
323
313
308
262
296
333
296
316
302
285
308
293
289
317
305
269
288
326
328
288
306
271
289
314
325
259
328
272
320
275
316
326
268
299
313
303
323
293
268
301
351
297
261
349
274
278
335
290
334
279
300
337
268
304
296
304
282
304
342
246
307
332
305
270
328
273
329
296
275
305
314
329
323
285
274
342
310
277
301
308
291
342
274
316
279
301
319
304
326
256
302
353
275
268
361
285
273
295
294
313
318
306
269
284
308
347
266
314
285
289
315
289
279
428
298
277
286
333
309
293
290
279
298
290
329
317
289
314
296
313
288
295
284
302
285
298
293
294
313
306
309
290
322
307
293
294
300
302
292
297
291
300
313
295
331
305
307
303
303
304
296
319
289
295
276
319
306
282
296
309
292
298
296
321
260
409
267
287
295
306
297
303
316
288
301
288
283
291
331
277
306
278
294
314
300
287
334
281
302
297
323
296
301
298
313
294
298
311
285
322
300
292
295
300
290
282
322
292
299
298
341
330
280
301
300
297
299
324
304
301
301
349
298
291
295
310
292
333
304
313
314
302
298
266
365
287
293
298
283
293
320
299
289
294
319
296
293
318
302
297
296
292
285
312
296
284
310
308
302
291
295
303
298
305
292
329
289
276
321
295
287
283
301
299
286
265
338
278
285
301
300
312
295
288
296
285
319
291
299
286
295
283
295
318
295
316
296
309
300
314
305
303
292
314
307
293
293
315
278
316
287
329
308
294
280
337
302
300
299
286
319
287
319
290
303
277
288
302
311
285
301
325
295
285
327
272
321
298
280
284
349
291
301
293
323
304
286
310
311
261
357
273
281
303
314
311
300
276
286
350
292
311
261
326
323
280
346
280
294
264
310
416
259
277
299
321
290
274
291
326
385
263
270
287
334
294
290
278
307
362
290
278
311
249
405
264
280
319
287
298
296
327
285
281
303
369
274
289
289
295
318
296
261
349
320
270
295
307
298
332
312
284
295
297
340
295
284
292
309
301
283
334
300
279
306
341
280
298
290
323
294
318
281
276
338
335
263
309
265
319
312
307
300
232
396
267
298
299
295
315
278
325
275
291
327
307
274
306
304
298
285
325
318
282
267
292
367
284
312
293
306
319
307
274
290
354
278
267
303
307
313
289
301
298
322
297
284
328
276
300
339
289
290
303
295
264
355
287
288
270
306
360
280
283
317
290
267
304
348
289
287
289
297
280
331
324
312
270
305
308
286
321
300
302
294
306
301
303
297
313
295
300
312
297
307
300
312
297
294
300
301
302
302
302
302
302
302
302
301
302
301
302
301
301
301
301
301
301
302
301
301
302
301
303
298
298
300
308
309
297
297
300
302
302
303
303
302
302
301
301
302
301
301
302
302
301
301
301
301
301
301
302
300
302
301
301
301
302
302
302
302
301
301
301
302
302
302
301
302
301
302
302
301
302
302
302
302
301
302
303
301
301
302
301
302
302
302
301
301
302
302
302
301
300
303
302
300
301
303
301
301
301
301
301
302
302
301
301
303
301
302
302
301
302
302
302
301
302
301
302
303
301
301
302
302
300
301
304
300
301
301
302
301
301
303
301
301
302
301
301
302
301
302
302
301
302
301
302
302
302
302
302
302
301
303
302
301
301
302
301
301
301
302
301
302
302
302
301
301
302
302
302
302
302
301
302
301
299
303
300
302
302
302
302
302
302
301
302
302
299
305
301
301
301
302
301
301
302
301
302
302
301
300
303
301
302
301
302
299
301
306
299
303
301
302
302
301
301
301
302
302
300
303
302
301
301
302
301
301
302
301
302
298
307
302
303
300
302
301
301
302
301
300
301
302
303
300
303
301
301
301
302
299
303
297
307
300
302
300
302
302
301
302
301
303
302
299
303
302
302
300
301
301
303
302
304
304
301
300
301
302
298
303
303
302
301
300
301
302
302
302
303
300
302
306
297
305
301
301
301
300
302
303
302
303
301
302
301
303
301
301
301
304
302
297
296
304
306
303
306
299
286
312
307
312
295
293
308
290
331
311
290
274
321
304
295
329
302
277
293
303
327
304
291
258
348
340
284
251
312
313
345
287
287
259
335
318
310
258
322
309
270
325
315
311
284
311
317
284
309
307
263
335
317
283
282
269
344
341
281
309
265
285
350
308
286
291
283
298
305
287
309
291
306
323
279
339
297
288
301
273
290
392
262
294
285
318
281
292
324
316
287
329
268
327
284
313
318
266
326
293
318
292
278
306
307
338
284
308
291
286
351
320
235
344
300
299
289
313
261
313
332
286
283
323
315
304
280
301
305
267
341
296
278
307
312
300
287
363
307
267
307
308
300
295
293
284
334
293
276
323
292
291
281
311
319
300
336
303
292
279
354
275
298
328
285
292
307
299
295
300
270
362
262
300
300
325
311
296
284
286
304
305
312
274
306
283
324
287
304
309
288
285
307
307
291
300
284
339
278
270
299
298
297
294
343
304
289
287
310
329
337
294
297
314
286
304
297
291
298
283
299
274
378
284
320
295
285
294
313
303
314
292
301
293
313
285
305
291
298
302
326
290
294
347
295
275
314
304
295
299
301
302
293
318
295
296
307
303
283
337
279
315
295
299
314
301
294
326
288
291
304
295
293
302
305
288
297
297
302
299
316
297
308
302
303
311
300
296
294
301
295
317
303
313
290
302
290
325
295
306
315
318
280
322
291
277
370
313
296
309
296
298
313
282
287
308
296
292
321
302
298
285
317
303
286
297
291
305
314
297
296
316
286
321
283
307
291
329
299
298
344
296
283
309
299
295
297
305
305
302
283
324
292
286
309
312
289
322
312
277
304
295
290
288
327
278
291
293
298
281
305
316
306
276
297
284
338
300
324
295
300
317
295
291
313
298
301
303
300
307
294
308
268
332
296
307
299
291
284
324
300
291
288
303
278
318
299
310
287
318
310
305
288
291
321
315
285
295
291
289
339
293
265
384
313
273
289
317
264
354
292
286
291
308
271
324
296
290
302
296
293
331
273
313
280
302
265
346
280
258
333
327
277
311
283
325
305
317
284
330
256
371
298
283
296
300
300
328
292
263
320
313
272
294
326
297
292
316
299
292
264
313
350
274
272
313
297
323
305
275
279
307
347
269
290
286
310
326
279
285
278
360
287
261
341
285
305
287
335
273
352
280
294
296
324
297
326
282
301
343
248
334
301
282
276
334
336
271
294
273
326
354
299
243
315
335
309
299
257
290
359
313
280
258
331
302
321
287
305
292
292
328
312
276
274
327
314
294
289
267
340
334
286
275
302
293
332
274
288
328
315
287
280
304
301
353
279
286
215
401
387
243
271
292
302
311
308
290
280
285
365
268
326
314
288
277
309
302
330
277
287
320
310
295
269
339
300
269
321
302
306
295
307
293
302
300
304
306
302
293
304
310
297
298
302
294
303
307
305
314
308
283
294
300
302
302
302
302
302
301
301
301
301
302
301
302
301
295
326
294
294
290
297
335
300
291
297
302
303
302
303
302
301
299
295
310
316
302
281
305
315
295
299
302
299
300
301
302
300
300
308
304
299
297
300
309
302
300
295
303
305
302
285
316
303
304
296
300
302
302
303
302
301
301
302
298
302
309
308
296
292
310
298
300
300
302
294
315
306
297
287
313
310
296
298
300
301
302
303
302
299
305
301
298
300
308
286
319
313
292
300
299
301
303
302
301
301
302
301
301
296
301
305
304
300
297
294
306
310
305
311
296
294
300
300
301
302
303
302
302
302
302
297
306
298
303
297
301
316
300
294
298
305
300
300
302
301
302
303
302
293
307
303
280
315
319
293
294
302
300
301
302
302
302
302
302
302
302
300
297
311
302
293
313
306
293
299
301
301
301
301
302
301
302
301
297
306
305
305
304
299
299
300
301
304
301
301
300
301
294
305
319
298
300
296
301
303
302
301
298
307
301
298
301
304
303
300
301
301
300
298
306
300
298
303
302
296
312
304
297
299
300
302
304
301
299
303
306
300
301
301
301
297
300
306
303
297
300
301
304
301
301
301
297
315
296
300
301
309
297
301
306
299
299
300
301
300
309
300
304
302
296
301
305
301
302
305
306
302
296
294
312
299
286
317
308
295
296
307
301
306
302
297
297
308
299
302
301
301
302
302
301
299
305
300
303
298
294
312
306
294
305
297
300
300
303
302
299
308
300
299
305
300
301
302
302
301
299
304
304
297
297
307
312
299
294
299
292
311
306
303
291
301
310
302
307
302
295
289
319
312
303
298
294
291
311
304
298
300
302
302
302
302
301
301
301
302
301
293
305
315
290
304
301
303
294
303
311
301
298
288
320
300
299
304
299
304
296
299
313
286
270
337
314
293
310
267
312
304
310
288
296
299
267
355
299
283
328
289
270
326
301
309
201
424
313
255
259
299
346
264
292
320
290
336
287
280
373
287
295
302
286
288
303
352
296
263
301
312
278
341
334
246
285
352
308
281
260
339
314
312
284
275
303
378
247
320
252
379
278
249
337
317
353
254
296
284
314
359
251
342
297
264
316
314
288
315
275
255
352
318
272
324
282
280
330
315
308
284
276
288
342
284
271
297
304
271
319
304
286
301
346
327
273
289
333
284
295
294
290
338
288
315
285
345
271
284
313
302
285
287
315
298
274
341
317
306
283
307
326
325
288
286
293
354
275
290
284
292
351
284
294
284
324
310
310
306
312
301
293
282
294
299
315
310
295
299
279
342
303
288
296
300
320
299
311
283
316
282
333
291
291
299
259
303
321
316
290
301
302
290
296
313
314
283
293
302
342
291
289
279
327
298
278
299
363
302
300
307
311
281
346
328
291
297
285
327
295
294
287
306
280
357
292
298
318
288
330
295
294
293
291
297
332
299
287
324
313
297
305
303
317
302
296
294
298
296
289
308
288
293
298
288
309
328
298
294
297
296
334
292
308
289
291
298
290
293
329
304
299
336
283
293
294
301
324
296
299
295
299
307
300
300
287
298
342
278
289
315
302
291
308
303
296
298
278
292
314
282
327
291
334
285
297
292
302
291
298
285
316
279
294
303
298
295
313
302
296
332
288
292
337
290
303
297
304
333
274
310
294
299
307
310
302
287
306
291
293
289
315
270
327
305
313
254
337
320
287
298
292
259
408
297
288
277
295
301
310
297
290
336
324
273
331
302
281
310
313
294
320
282
328
283
344
300
283
297
301
302
309
302
300
291
337
277
319
294
294
306
308
303
302
341
283
303
304
303
314
305
291
304
290
287
324
296
337
267
302
325
283
331
299
277
283
293
332
299
292
316
273
314
335
288
288
307
285
287
356
279
286
283
337
295
281
300
265
343
296
306
277
300
308
293
305
278
341
293
302
354
296
280
296
292
294
300
312
281
300
306
249
358
307
286
300
276
281
390
279
290
292
271
341
313
265
303
332
282
289
292
328
327
272
288
300
305
306
285
304
311
307
308
281
340
282
318
272
337
302
293
286
281
313
332
303
281
287
328
311
286
297
276
348
299
292
313
285
288
303
343
310
271
333
309
276
289
343
261
316
357
271
298
253
347
342
278
288
294
302
286
346
284
295
314
318
290
286
298
307
277
336
324
290
292
297
289
310
315
304
281
313
310
284
279
321
303
336
276
288
298
299
312
303
301
301
301
301
302
303
302
295
302
307
283
318
325
283
286
294
326
298
296
300
302
302
301
302
302
301
290
299
332
297
291
299
295
308
301
300
300
301
301
300
301
302
302
302
293
312
302
303
298
299
300
301
303
301
303
295
292
321
311
288
302
303
299
301
302
301
302
301
302
301
301
301
301
301
301
305
301
302
301
302
302
301
302
302
302
302
301
301
302
301
301
303
301
301
301
302
302
301
302
302
301
301
302
302
302
302
302
301
301
301
302
302
302
301
302
302
301
302
301
301
302
301
301
302
301
302
301
301
302
301
302
302
302
302
302
302
302
302
302
301
301
301
302
302
301
301
302
302
302
302
301
302
302
301
302
301
302
302
301
302
302
302
302
302
301
302
301
301
301
301
301
302
301
301
302
302
302
302
301
302
300
303
302
302
301
303
301
302
301
302
302
301
301
302
301
301
301
302
302
301
301
303
301
302
302
302
301
301
302
301
302
301
301
302
302
302
301
301
302
301
302