307
314
321
325
329
331
332
329
327
324
320
317
314
312
300
288
319
310
294
304
280
309
275
330
317
313
299
299
304
278
317
291
311
295
316
290
304
310
286
280
294
327
303
327
275
308
311
285
312
288
273
345
329
277
301
312
309
284
287
316
296
335
281
279
319
270
321
300
268
319
329
273
327
269
327
249
321
350
244
344
292
312
297
285
320
262
299
291
294
317
309
281
324
293
313
306
323
273
275
288
324
316
284
290
317
296
291
292
287
366
268
316
321
296
289
288
315
283
300
307
304
299
303
297
317
309
293
309
300
313
303
297
299
299
299
300
304
309
289
302
304
293
303
298
303
299
300
306
305
307
299
293
302
299
304
300
303
303
299
304
306
293
304
316
292
295
316
297
297
310
299
299
303
300
298
304
300
298
284
325
292
289
320
298
293
298
301
299
309
301
303
298
301
303
300
278
323
306
285
295
314
290
304
295
301
310
302
302
299
301
302
302
302
299
297
301
318
304
308
296
295
304
302
301
301
302
301
302
301
302
304
297
289
319
307
293
298
301
302
302
300
302
303
303
302
295
302
314
300
297
298
288
325
301
294
300
306
302
302
296
289
311
301
299
298
313
308
300
303
294
303
301
300
300
297
311
289
324
295
296
303
301
299
299
301
301
301
307
297
311
298
301
296
304
301
300
302
302
301
301
304
303
299
302
300
304
311
292
302
305
301
300
302
301
308
295
304
289
317
292
306
299
300
299
301
301
304
299
300
301
304
302
287
316
300
320
291
299
303
304
312
291
300
298
304
304
291
306
298
297
288
305
292
317
299
304
289
306
301
298
299
297
309
305
323
281
314
313
304
287
305
302
317
286
306
301
301
302
304
298
298
298
331
302
297
291
307
300
304
302
303
298
322
283
307
302
301
298
297
307
284
309
302
299
305
308
305
286
304
309
297
311
298
282
320
273
314
302
303
313
298
306
287
310
325
297
287
319
258
327
299
313
290
290
313
306
305
301
301
294
332
264
341
308
280
305
309
306
309
293
318
302
306
294
285
301
291
326
286
313
310
294
284
342
257
322
307
312
308
291
290
296
306
331
263
305
282
337
288
292
304
307
304
302
293
325
265
322
258
326
319
298
292
329
297
291
322
309
274
307
308
306
306
290
300
303
318
333
246
279
322
319
305
287
308
305
307
286
314
313
285
294
320
297
313
280
315
288
306
306
302
301
300
301
301
301
302
302
302
301
302
303
303
300
302
302
304
300
298
304
303
302
301
300
302
302
302
302
302
300
302
303
301
302
301
301
302
302
302
301
302
302
302
301
301
302
301
302
301
301
302
301
301
303
301
302
302
301
302
301
302
302
302
301
302
301
302
304
300
302
306
296
300
302
304
302
302
302
301
302
302
301
302
302
302
302
301
300
302
301
301
301
302
302
302
302
302
301
301
302
301
299
303
302
300
302
302
301
301
300
301
302
301
301
302
301
301
299
302
304
303
301
301
302
302
300
300
301
303
302
301
302
301
299
304
302
302
302
302
301
303
301
299
302
301
302
303
302
299
303
303
303
301
297
303
303
301
299
302
302
301
300
301
302
302
302
300
300
302
305
304
298
303
302
302
300
301
302
301
302
300
302
300
302
299
301
303
302
298
302
302
301
301
301
303
302
303
300
299
303
304
299
303
300
300
301
301
303
299
303
303
302
301
301
302
301
302
301
303
299
301
306
300
302
303
298
302
301
304
304
301
302
302
301
303
301
301
302
302
301
299
303
304
297
298
302
303
303
302
301
300
302
302
300
302
303
300
300
303
304
301
298
302
302
303
303
299
304
302
302
301
302
302
300
302
300
302
303
298
304
302
302
304
298
303
302
305
299
302
302
297
304
298
302
300
302
302
304
296
304
302
302
304
296
295
312
297
298
298
309
302
313
295
299
306
304
295
316
292
296
308
287
315
299
309
297
300
332
292
269
329
282
301
309
319
267
291
316
335
277
302
306
300
325
301
309
280
283
300
329
295
314
311
304
295
285
274
324
297
323
301
303
268
304
387
237
248
359
301
272
345
306
294
268
294
302
335
319
239
329
309
283
313
324
275
284
338
301
270
323
331
301
294
299
285
298
297
328
312
287
265
329
281
328
258
314
328
285
300
333
226
325
319
310
277
343
282
286
317
313
274
310
287
320
329
220
356
335
300
260
290
330
318
272
301
325
252
306
316
302
300
296
290
308
295
302
308
299
297
285
314
306
305
299
297
297
309
291
317
292
300
294
293
318
325
263
323
312
301
298
295
312
319
308
287
278
322
302
293
322
288
314
285
310
311
285
300
301
320
300
309
266
336
311
301
276
310
289
319
306
289
312
294
299
303
302
281
304
316
268
305
292
316
293
312
299
301
301
310
309
291
315
288
331
263
324
299
316
292
293
303
302
300
295
305
303
295
317
302
310
303
301
300
306
295
316
294
294
294
307
301
305
298
302
310
294
299
300
307
287
303
305
300
291
271
367
278
305
297
293
304
302
303
305
303
298
303
305
299
292
320
304
297
295
306
306
299
295
291
317
295
302
301
301
301
301
302
302
301
302
302
302
303
299
310
298
299
303
302
299
300
302
289
310
302
299
308
291
299
304
304
298
301
302
302
302
302
298
303
290
304
323
268
312
298
296
332
281
290
297
297
303
308
302
296
295
314
289
299
304
312
268
334
296
278
320
339
280
287
302
306
302
298
303
299
307
301
299
312
293
314
303
295
303
302
312
308
289
302
305
296
322
302
296
308
303
296
302
305
300
300
301
309
290
310
290
293
310
297
306
290
312
298
305
291
303
306
299
279
315
296
309
300
295
306
297
300
316
292
299
298
298
306
310
298
293
305
304
309
305
297
300
300
302
295
308
300
296
307
310
306
300
307
294
301
298
298
316
298
306
295
300
298
304
281
327
281
304
307
303
316
267
309
295
317
297
298
307
297
295
321
292
344
278
256
311
311
312
287
317
293
290
310
288
311
296
314
266
330
247
342
309
276
318
283
305
302
318
289
298
308
304
294
286
305
319
307
275
303
292
317
306
328
248
312
330
284
282
329
298
300
284
304
307
318
257
315
294
316
304
298
295
330
273
326
305
272
301
331
291
294
300
318
277
330
291
289
309
344
252
311
312
289
325
308
313
276
303
311
303
318
265
322
286
316
319
292
265
333
300
311
305
321
271
307
323
286
302
306
311
267
285
321
298
284
308
333
303
260
323
316
292
328
263
323
290
299
312
299
328
276
258
340
296
306
308
296
308
300
284
323
296
281
318
279
322
285
320
325
301
300
293
311
291
299
310
296
298
295
286
317
310
291
320
279
311
303
300
301
313
296
293
303
276
322
297
320
292
296
298
313
306
302
302
299
300
304
301
301
301
303
301
301
302
302
301
302
302
301
302
302
301
302
301
301
302
302
301
302
301
302
301
302
301
302
302
301
301
301
301
303
301
301
301
301
301
302
301
302
302
301
302
302
301
301
302
301
301
302
302
303
300
304
302
298
300
299
304
303
301
303
301
296
304
304
301
302
302
301
302
302
300
306
298
300
307
300
298
302
304
301
301
303
301
302
302
301
301
303
300
301
303
302
302
302
299
300
301
305
304
298
297
304
303
301
298
303
302
302
301
304
304
298
301
304
302
298
303
302
302
298
302
304
304
298
301
306
302
299
301
304
298
303
303
300
302
302
302
301
302
300
302
300
300
304
301
303
297
302
302
302
302
304
300
297
302
304
302
301
302
303
299
300
304
305
296
299
303
304
302
301
303
302
301
302
302
299
303
300
302
302
298
304
305
299
301
302
303
303
300
300
302
299
308
297
299
306
306
290
304
307
301
297
311
294
295
315
293
309
302
298
305
302
302
317
278
315
282
300
310
317
285
309
317
263
340
264
333
308
275
341
279
308
324
290
280
320
328
271
295
309
337
286
296
310
276
319
297
307
259
326
310
299
309
303
253
325
350
280
251
327
307
306
286
257
354
356
240
308
310
260
337
279
319
297
307
294
342
252
278
361
282
308
321
284
269
318
297
400
184
289
361
280
321
307
278
326
265
342
278
309
278
353
250
347
286
282
321
314
302
265
264
321
288
354
249
368
236
301
319
301
300
291
306
302
283
302
323
286
331
247
356
279
273
354
296
279
291
291
313
296
312
282
304
315
302
304
284
315
301
327
254
341
302
295
291
313
304
264
325
304
308
304
286
286
300
290
324
299
278
322
304
297
308
301
304
294
302
320
304
278
309
332
281
317
297
273
315
324
307
290
309
298
274
330
302
290
302
301
306
313
300
298
291
315
313
286
328
267
312
286
303
303
310
294
308
295
287
307
293
299
304
301
302
259
326
293
293
333
282
299
285
321
299
298
303
300
294
304
303
302
292
314
299
303
292
303
305
313
282
314
302
297
300
298
310
301
303
300
298
303
295
300
310
312
295
309
297
302
305
297
303
302
308
298
304
298
296
315
300
297
301
298
303
305
301
299
301
305
301
301
298
296
312
308
293
304
302
301
299
310
297
300
302
301
300
304
300
302
302
304
295
302
302
301
303
302
301
302
301
302
301
302
301
301
301
301
301
301
301
302
302
301
302
303
301
301
303
300
302
300
300
307
303
299
301
300
302
301
301
301
301
302
304
299
302
302
302
301
301
301
302
301
301
300
304
301
301
301
302
302
302
301
302
301
301
302
302
304
302
301
304
303
302
301
297
303
302
301
301
302
301
303
299
304
303
302
302
300
299
305
308
298
300
300
297
313
292
309
294
303
306
290
306
302
296
301
309
301
298
300
302
298
303
306
300
300
302
304
294
307
300
306
295
311
303
295
302
300
304
305
294
310
291
305
303
297
307
300
299
302
304
300
302
302
303
301
297
302
296
306
309
296
298
303
297
302
299
301
304
299
300
306
305
296
309
303
299
298
302
301
300
302
303
301
305
305
301
300
301
302
302
299
311
298
301
315
293
303
301
305
304
301
296
307
316
285
306
308
295
314
300
298
301
298
299
318
287
309
307
298
309
286
307
306
297
300
300
303
300
307
303
298
297
304
307
302
307
290
307
314
296
286
327
272
319
300
305
296
300
306
303
304
307
302
295
298
299
302
307
303
311
281
317
300
305
295
311
299
283
297
307
318
298
289
313
298
304
298
311
312
251
323
313
318
301
284
306
313
303
312
295
331
284
276
322
309
301
308
296
287
309
298
301
297
315
308
273
337
271
289
325
309
308
291
302
306
310
286
315
283
316
326
288
253
334
313
292
303
324
287
304
296
299
325
279
289
310
303
328
295
309
294
307
291
308
298
276
309
293
319
262
321
302
305
323
281
287
315
319
281
307
291
311
286
309
302
279
320
304
295
323
281
308
304
283
301
308
309
293
309
305
305
258
329
261
326
305
299
313
275
300
309
297
282
326
289
300
310
281
317
301
303
306
266
326
305
295
309
301
293
303
311
313
287
296
299
308
302
301
303
289
317
296
282
306
306
300
304
309
291
300
303
304
301
298
300
302
301
301
301
301
302
301
302
302
303
301
302
301
302
301
302
301
302
301
302
301
302
302
302
302
301
301
302
301
302
301
302
302
301
302
301
302
301
301
302
302
302
302
301
301
301
301
301
302
302
301
301
302
302
301
301
301
301
302
301
302
301
301
302
301
302
302
301
302
302
301
302
301
301
301
298
301
303
303
303
303
299
302
302
302
303
303
301
302
302
301
301
302
300
301
301
304
302
299
301
306
300
300
300
303
302
303
298
300
302
303
302
299
303
299
301
304
302
298
301
302
303
307
296
300
304
300
302
301
300
303
302
301
302
304
301
299
300
306
303
294
304
305
301
302
304
296
300
305
300
301
302
301
302
300
302
305
297
302
304
298
302
305
298
303
302
301
302
302
301
305
294
304
304
302
301
301
301
304
299
303
302
300
305
303
298
298
306
303
300
299
304
300
303
302
299
304
302
301
301
302
302
303
301
297
304
298
302
302
301
302
302
300
304
300
303
302
301
303
302
302
302
303
295
301
303
302
305
303
297
304
301
301
301
303
301
301
302
304
300
304
300
301
299
305
302
302
302
301
300
302
304
300
302
300
302
302
302
298
301
302
302
297
304
303
301
297
304
304
297
302
301
302
305
296
300
305
301
298
303
306
302
298
298
303
301
303
300
302
298
305
307
298
298
304
302
299
302
302
300
307
299
298
304
310
301
296
301
310
312
280
298
314
308
283
304
306
297
312
301
289
308
300
298
299
302
300
301
305
295
295
318
298
298
310
268
303
328
321
304
284
286
309
314
304
331
272
295
346
276
272
295
340
319
278
246
278
410
322
177
280
299
463
218
211
345
332
254
347
394
324
218
283
336
274
334
334
274
150
411
320
238
317
376
277
302
233
317
348
227
363
298
320
293
233
346
318
288
327
307
226
353
262
314
314
359
276
267
345
278
316
287
321
279
312
320
298
298
279
295
239
393
249
338
337
241
354
253
330
318
285
282
318
324
279
250
335
320
293
274
325
306
288
313
287
290
352
284
242
298
335
306
299
295
295
302
317
328
279
330
286
298
323
267
347
259
332
285
301
333
270
371
245
308
325
309
278
298
326
281
305
306
316
225
347
325
286
314
302
291
345
236
333
305
320
293
299
306
329
242
312
320
283
330
303
277
309
319
281
299
295
302
307
287
333
270
303
312
300
280
322
297
310
301
321
270
323
306
299
285
313
300
308
313
297
307
298
291
301
306
315
295
302
297
293
317
297
290
311
297
306
296
300
302
296
293
307
297
310
293
285
309
297
305
289
311
294
306
296
309
299
303
290
309
298
300
307
301
323
296
290
307
300
303
296
306
299
302
303
301
299
302
294
308
299
300
306
300
301
300
303
306
295
301
303
302
301
300
301
301
302
303
301
301
295
311
300
293
311
301
297
300
292
306
308
307
294
298
291
310
301
299
301
302
301
298
300
308
306
293
301
301
300
303
304
302
300
301
302
302
302
301
302
303
301
301
306
302
307
300
299
301
302
301
305
300
301
302
302
302
301
301
302
301
301
301
301
302
301
301
302
300
301
304
305
302
299
300
306
299
301
301
301
302
303
299
303
304
301
299
303
302
297
305
301
300
301
302
303
301
302
302
301
301
302
302
301
300
303
299
303
303
299
310
297
302
300
300
302
304
305
302
300
302
294
318
308
292
299
304
299
295
310
300
294
307
302
299
298
299
310
292
314
307
293
299
298
303
303
297
297
309
297
303
297
300
306
303
300
299
304
302
301
306
297
300
301
294
312
301
297
296
299
315
298
300
299
287
311
305
290
302
297
303
302
301
297
304
301
303
295
297
310
305
295
302
302
306
307
301
301
301
301
316
302
302
300
313
285
306
308
284
315
300
299
300
309
291
315
285
302
313
295
306
302
273
311
318
291
306
290
297
305
299
297
304
294
307
311
286
313
303
297
308
304
299
287
313
301
304
296
298
297
306
318
276
306
313
282
295
309
300
301
308
291
309
309
278
302
308
312
332
245
317
317
295
299
307
302
306
298
287
322
313
290
287
330
298
302
298
301
310
304
303
292
303
303
305
295
319
291
329
269
309
321
314
296
299
311
320
298
314
263
301
320
314
305
300
291
330
273
310
292
325
290
280
309
302
312
303
305
309
297
294
295
319
299
295
327
299
292
315
304
300
317
299
305
311
289
286
309
302
316
307
296
313
273
308
302
304
311
298
294
316
303
294
277
314
275
327
299
313
294
291
282
312
310
301
301
300
292
287
347
282
299
257
345
278
307
312
304
287
313
285
325
330
287
330
201
339
293
344
295
269
324
306
308
304
281
337
266
318
284
332
320
297
300
274
346
288
319
289
329
305
280
305
270
328
304
312
317
275
310
288
294
302
326
273
296
308
322
343
229
318
287
325
309
287
317
290
294
320
299
309
301
283
311
300
310
308
289
322
299
288
303
315
290
311
305
267
320
317
312
286
295
308
308
299
305
299
303
303
298
303
302
302
301
301
302
301
301
301
301
302
301
302
302
301
302
301
302
302
301
302
302
301
301
301
302
302
301
301
301
301
302
302
301
301
302
301
301
302
302
301
302
301
302
302
301
302
301
301
301
302
301
302
302
301
301
302
301
302
302
302
301
301
301
302
301
303
300
299
302
302
300
303
302
302
301
304
302
295
300
303
303
303
303
297
302
303
302
301
302
302
303
298
301
303
302
302
299
302
304
292
303
306
301
302
301
301
301
302
300
303
301
302
301
301
302
301
303
304
297
298
304
301
301
303
301
302
299
303
302
301
302
304
296
300
305
308
297
301
302
302
303
304
298
302
304
299
301
304
301
297
304
303
299
302
304
298
297
303
304
301
302
302
302
305
299
301
301
300
302
301
304
300
300
306
296
301
304
302
300
304
298
297
305
306
299
301
303
301
302
301
302
304
301
298
300
304
302
299
303
306
303
296
303
302
301
299
302
302
304
299
301
300
300
304
300
301
306
300
304
299
300
301
302
302
303
305
297
303
302
302
301
302
302
303
301
303
302
302
297
300
305
302
300
303
302
302
302
299
307
297
301
306
300
302
303
299
303
302
300
300
301
308
296
303
296
304
304
302
297
300
305
304
299
301
303
301
302
301
299
304
303
300
303
303
301
298
304
301
300
304
304
300
298
303
299
308
294
300
307
299
297
307
300
305
293
300
306
305
303
307
293
302
300
299
300
311
300
303
300
301
308
288
315
301
297
311
303
297
298
294
299
308
318
300
289
314
306
286
305
303
312
273
321
318
278
319
299
284
318
314
309
303
286
331
292
352
288
243
291
301
365
276
183
359
300
348
286
334
274
308
327
342
270
242
370
299
315
283
288
325
356
217
344
283
328
289
229
377
320
284
315
258
334
347
303
285
323
315
268
288
326
322
307
284
312
300
332
265
311
299
335
249
345
283
290
356
219
328
329
305
294
287
267
317
311
288
307
269
292
298
329
275
297
304
309
319
301
293
282
323
278
332
314
240
340
294
307
293
327
300
290
331
265
335
295
283
300
304
296
310
339
251
304
330
302
308
298
309
298
295
307
283
280
312
320
276
314
303
299
300
325
277
291
343
280
291
326
300
296
306
311
286
304
304
321
282
300
327
276
314
306
314
283
306
285
274
317
331
293
302
288
308
308
292
292
308
305
297
311
300
290
311
288
309
278
319
302
307
304
292
304
297
310
318
301
278
305
305
302
276
304
316
293
299
298
310
298
311
295
298
295
309
288
329
288
311
295
299
299
299
306
303
303
301
302
305
299
303
299
316
302
297
295
308
296
300
297
308
313
300
306
293
298
291
312
302
301
298
302
303
299
302
304
301
300
301
303
303
298
300
303
302
303
299
305
302
300
301
301
302
302
301
301
301
300
302
300
303
301
300
301
300
302
302
302
303
301
301
301
301
301
301
302
302
302
302
300
301
302
301
302
301
302
301
301
301
302
302
301
302
302
301
304
300
301
302
300
301
302
306
299
300
300
301
302
304
302
300
303
301
302
299
302
302
302
301
303
304
295
303
301
307
301
300
303
299
298
303
302
301
302
300
303
301
302
301
301
301
302
304
303
301
301
304
304
300
299
302
302
302
303
301
299
302
304
302
304
298
302
298
304
304
302
304
299
300
300
304
299
302
301
296
302
317
289
304
301
299
302
301
300
303
300
301
302
300
294
311
289
307
303
296
298
302
297
299
304
304
301
300
306
291
302
322
289
308
293
305
303
301
305
299
296
303
307
292
304
311
296
306
309
295
299
306
299
302
302
296
305
300
299
306
298
290
312
294
308
289
298
298
305
305
296
304
301
298
303
301
299
303
303
298
300
305
292
303
303
304
309
297
303
304
296
314
301
301
303
305
305
292
304
294
302
306
297
306
297
313
299
294
303
290
305
312
294
298
317
288
295
308
313
290
306
305
307
293
309
308
264
333
287
322
290
299
314
303
298
305
298
318
297
292
302
289
299
317
284
310
306
304
299
300
312
283
304
294
304
283
308
308
295
296
305
305
298
304
303
297
304
279
305
328
253
332
313
298
304
288
295
307
313
283
311
290
320
281
302
324
285
317
306
290
293
312
302
289
322
301
299
311
311
293
295
304
312
296
292
307
291
313
291
297
322
268
324
303
294
314
327
240
298
333
334
291
290
309
285
313
318
285
343
260
305
299
306
327
296
283
295
299
309
319
295
298
298
294
309
329
295
261
327
291
318
267
323
303
291
301
309
315
264
308
314
299
305
299
308
290
300
311
315
269
315
312
293
284
320
310
294
289
298
329
303
245
333
292
316
300
295
316
296
293
302
317
256
321
312
303
297
307
281
314
302
308
295
300
308
307
292
283
316
304
299
309
302
295
301
302
302
301
302
303
304
284
305
305
301
301
302
301
302
301
302
302
301
301
301
301
302
301
302
302
302
302
301
302
301
301
302
302
302
301
301
302
301
301
301
301
301
302
301
301
303
302
301
301
301
302
301
301
301
301
302
301
302
302
301
302
301
302
301
301
302
301
302
301
301
302
302
301
301
302
301
302
302
302
301
302
301
302
301
302
301
302
301
301
301
301
301
301
302
302
301
301
302
301
303
299
298
302
303
302
301
302
301
302
301
301
301
301
301
301
302
302
301
301
302
301
301
304
300
303
301
301
302
303
299
300
303
300
301
302
303
303
302
299
302
302
302
302
301
301
302
302
301
302
301
302
302
302
302
300
301
301
301
302
302
302
301
298
302
303
302
302
298
302
303
301
301
301
302
300
301
303
302
302
302
302
303
300
300
302
306
298
301
303
302
300
301
302
302
303
303
300
300
304
303
303
299
302
302
305
301
300
303
301
301
298
301
305
302
303
299
302
303
302
302
297
302
302
301
300
301
303
300
298
305
302
302
302
298
300
303
303
301
300
302
302
302
304
300
298
302
304
298
304
302
297
303
303
301
302
302
301
298
303
302
299
302
299
303
302
300
299
302
303
303
298
302
302
302
304
303
298
302
304
302
301
302
299
303
301
302
300
302
304
300
302
298
308
300
298
302
304
303
302
299
300
301
304
305
302
297
305
294
300
309
299
302
304
302
298
303
296
308
300
293
295
307
303
303
306
296
294
297
312
302
310
282
322
300
302
312
273
306
303
306
293
308
314
283
297
314
297
316
278
310
300
281
312
319
297
298
272
320
288
303
348
301
227
310
326
312
279
299
330
262
320
335
259
325
299
311
304
236
339
321
303
303
324
276
283
321
300
292
318
285
347
296
297
265
314
330
316
265
345
265
285
327
309
288
245
387
269
284
317
348
293
247
305
312
311
331
291
250
342
311
307
317
278
292
336
302
251
323
299
319
321
253
317
311
317
308
230
343
310
289
311
306
293
233
356
354
252
295
324
302
316
308
272
329
285
308
302
284
319
332
257
320
310
325
254
298
324
303
316
279
289
315
312
316
301
285
306
313
303
308
283
329
289
294
320
277
296
304
299
288
316
299
306
261
337
315
288
306
306
291
308
298
305
315
286
298
310
306
297
311
284
345
258
288
329
296
293
310
295
298
306
291
305
292
296
319
301
273
340
282
304
309
298
297
318
284
316
285
320
302
308
280
347
272
288
318
329
272
310
301
299
307
298
300
302
303
294
277
301
329
289
304
285
314
296
305
290
322
295
299
305
313
300
297
306
299
307
296
302
307
300
307
314
284
317
302
289
312
303
299
294
303
305
304
297
303
303
308
297
298
293
312
301
299
301
302
299
304
303
302
301
303
301
298
312
296
297
305
302
300
305
303
294
303
305
296
299
303
301
302
304
296
304
303
299
304
300
301
304
304
301
302
302
299
302
302
302
302
301
301
301
302
303
301
300
302
302
300
304
301
300
301
301
301
303
302
301
302
301
303
301
300
302
305
300
301
302
302
302
302
301
302
302
301
302
301
302
302
302
301
302
303
301
301
301
302
302
302
301
301
301
302
301
302
299
302
303
300
301
301
301
302
301
302
302
302
301
303
301
302
302
302
300
302
301
302
300
299
300
303
301
302
301
302
301
301
301
302
301
301
301
300
301
303
301
303
301
302
306
304
301
304
300
301
302
300
303
302
300
302
302
302
304
299
304
305
303
299
296
309
298
299
306
297
298
310
297
308
300
295
304
298
309
302
296
303
303
291
308
298
307
301
291
303
315
304
311
302
296
291
300
308
295
296
311
313
284
307
298
312
283
307
310
297
272
322
300
287
304
307
290
317
306
294
293
314
301
300
298
319
283
313
298
303
300
301
298
300
299
296
293
315
302
300
300
287
310
304
298
316
300
296
311
316
274
300
301
304
307
293
307
298
305
295
304
277
315
301
302
317
296
297
316
293
309
293
317
301
286
309
319
296
302
296
307
302
305
302
307
308
282
295
320
300
306
307
294
299
322
292
287
297
299
300
320
289
275
330
282
287
314
309
279
297
292
319
288
291
310
300
331
271
307
303
294
298
318
321
277
294
329
307
239
325
304
306
273
308
295
312
305
288
306
281
321
311
304
298
298
304
300
328
314
283
284
325
305
280
322
292
300
304
291
313
332
242
317
310
312
301
295
301
291
320
285
320
281
300
323
289
294
316
289
320
313
291
309
286
322
282
310
327
271
312
319
295
313
282
303
318
284
326
294
301
300
318
266
316
327
299
237
319
350
240
318
317
316
315
284
277
335
274
323
292
295
329
282
296
295
317
308
265
317
314
300
297
302
307
303
293
289
315
288
320
301
285
303
317
290
299
305
300
318
303
280
299
319
303
301
302
301
302
301
304
302
295
305
302
302
301
301
301
302
302
301
301
301
301
301
301
301
302
301
301
301
301
302
301
301
301
302
301
301
301
302
302
302
301
302
301
302
302
301
301
301
301
301
301
302
302
301
301
301
301
302
301
302
302
301
302
301
302
302
301
301
302
301
302
301
301
301
301
301
301
302
302
302
301
301
301
302
302
302
301
302
301
302
301
301
302
301
302
301
302
301
302
302
302
305
299
301
302
302
302
302
302
302
301
301
301
301
302
302
299
300
303
301
301
302
302
302
302
302
301
301
303
304
299
300
302
302
301
303
300
301
301
303
302
301
301
302
302
297
299
304
303
304
301
298
300
305
306
293
303
305
300
300
303
303
303
300
303
291
304
307
304
296
298
303
302
304
308
298
304
299
296
299
294
294
310
296
294
312
303
301
303
308
288
304
312
304
281
312
296
296
309
315
300
281
288
313
306
318
286
299
307
297
292
311
310
283
318
293
302
315
306
296
311
308
314
285
291
318
312
310
283
304
287
311
317
322
255
322
287
301
284
320
314
324
248
343
272
316
301
324
289
291
308
323
296
293
299
315
302
300
250
318
316
286
326
295
295
319
273
315
324
264
319
301
293
299
313
283
332
278
322
266
324
315
298
289
341
242
281
337
332
279
304
283
318
293
322
331
269
302
321
298
288
306
303
329
270
262
316
316
330
279
296
277
358
302
277
320
242
304
343
266
319
309
267
303
311
316
302
302
292
301
269
333
281
318
294
259
334
308
299
275
324
274
310
307
311
328
294
239
345
277
321
340
212
323
343
291
317
283
292
311
328
280
347
255
328
266
319
302
316
294
302
314
292
302
318
257
324
328
279
289
309
293
313
293
298
325
287
299
317
300
293
312
274
313
310
301
289
285
309
315
309
299
271
290
325
288
288
295
300
328
281
305
330
269
328
300
298
316
283
307
310
307
298
295
249
340
301
301
287
283
310
316
304
294
289
302
300
312
275
316
285
319
272
308
297
305
319
276
306
314
281
307
306
290
303
306
291
283
313
305
290
315
284
308
302
308
307
303
281
313
305
299
295
299
308
311
284
315
287
310
300
301
299
304
290
315
296
305
291
304
320
282
305
306
301
297
301
308
296
300
303
308
303
297
299
309
302
306
297
302
303
298
303
302
300
301
301
301
302
302
302
303
303
302
298
310
298
303
301
301
301
301
302
301
301
301
302
302
302
299
304
303
301
300
304
302
300
301
303
301
302
303
302
301
300
301
302
300
302
303
301
300
300
300
302
302
301
301
302
302
301
302
301
303
300
302
301
302
300
302
300
300
302
301
303
302
300
304
301
300
300
303
301
302
302
300
302
303
301
302
301
301
301
304
300
303
301
302
302
302
300
302
302
303
301
300
301
303
301
302
301
301
302
303
301
304
300
302
300
300
303
300
303
304
302
301
303
302
302
301
303
301
301
302
302
297
304
304
303
300
300
300
302
301
300
303
302
301
301
302
303
303
302
299
299
303
304
301
301
301
301
300
302
301
304
303
300
299
308
301
300
300
302
303
302
301
300
292
309
303
298
306
300
295
307
297
305
300
302
302
300
300
302
303
301
300
306
299
304
301
305
300
298
306
300
302
299
303
303
304
296
306
299
300
304
295
301
307
305
301
296
304
299
303
301
306
293
314
301
299
296
306
308
304
297
302
301
300
308
294
298
302
302
298
306
302
299
301
304
297
307
302
301
299
303
301
299
304
300
304
297
307
299
299
303
302
300
297
301
304
301
295
301
305
303
300
304
301
300
298
305
307
300
296
311
292
297
307
301
302
307
295
295
315
292
285
329
296
295
304
305
310
300
284
314
299
294
302
314
305
293
291
307
299
311
297
298
311
294
316
285
305
307
292
306
306
300
294
304
324
310
268
306
311
291
274
311
322
286
309
285
313
296
302
303
301
292
280
336
293
307
289
302
305
309
303
284
315
303
286
302
306
301
274
346
294
268
323
303
304
302
304
285
306
311
284
303
311
300
271
328
300
309
283
293
314
295
305
314
307
303
290
309
315
312
274
248
336
321
293
318
322
275
299
320
283
299
323
276
297
249
392
288
294
318
291
310
308
287
310
305
300
303
287
320
277
295
291
312
311
305
296
302
302
301
300
302
301
303
300
302
301
301
301
302
302
301
302
301
301
302
301
301
301
302
302
303
302
300
301
302
301
301
302
301
301
301
301
302
302
301
301
301
302
302
301
301
301
301
301
302
301
301
302
301
302
301
302
302
301
302
301
302
301
301
302
301
302
301
302
301
302
301
301
301
302
301
301
302
302
302
302
302
301
301
302
301
302
302
302
301
302
301
301
301
301
302
301
301
302
302
302
302
302
301
301
302
302
301
302
302
301
302
302
302
302
302
301
301
301
302
302
301
301
302
301
302
301
302
302
302
301
301
302
302
301
302
301
302
301
301
301
301
301
301
301
302
302
302
302
301
301
301
301
301
302
301
302
303
301
301
301
302
302
302
302
301
301
301
301
302
301
302
302
302
301
301
302
301
302
302
301
302
301
302
302
301
301
3