282
304
321
333
341
348
354
356
356
370
386
402
407
402
271
302
304
281
300
286
297
298
307
315
252
322
250
308
324
320
282
319
354
284
244
293
373
228
345
315
318
315
290
275
317
323
270
312
324
307
328
285
346
262
336
304
312
272
306
296
301
304
374
251
259
288
297
324
302
288
253
338
317
251
339
296
275
288
322
304
302
217
353
278
307
345
233
307
316
256
322
317
370
297
265
313
301
309
342
315
293
286
232
354
378
174
415
272
160
389
248
350
284
248
314
223
368
226
420
263
298
285
326
274
273
300
301
349
248
351
230
371
289
317
233
318
363
283
316
313
278
330
266
310
263
358
274
286
298
309
277
339
297
287
287
297
313
268
399
274
293
300
287
319
292
272
358
275
333
294
269
336
290
303
276
350
282
298
298
297
300
302
299
307
296
311
293
306
300
301
299
300
314
293
284
325
308
287
308
300
294
299
317
299
298
305
299
306
267
354
289
288
285
290
344
285
301
295
302
282
314
299
276
303
301
271
335
269
305
316
338
242
358
287
310
289
282
324
267
358
276
332
275
322
288
290
288
303
305
302
283
347
273
284
288
321
296
296
293
299
335
295
250
325
283
289
321
331
317
290
308
270
314
259
312
289
325
289
290
335
288
285
338
307
307
284
293
317
282
326
301
307
309
289
284
294
323
292
292
298
322
298
290
309
313
336
288
281
312
273
323
351
296
294
317
286
343
335
280
302
284
273
299
333
300
280
248
361
294
318
336
262
276
304
280
396
286
269
262
350
259
290
296
299
319
279
308
292
311
304
301
303
298
320
299
285
328
334
294
287
290
291
309
306
301
274
323
287
324
293
349
296
276
292
286
306
301
304
303
296
320
272
320
329
282
288
307
253
365
324
273
280
294
308
294
308
316
315
294
321
310
258
314
318
319
286
303
304
298
311
265
324
339
262
293
328
290
299
319
286
287
307
294
289
306
337
293
315
294
270
284
298
309
320
284
309
291
279
322
304
280
297
314
278
306
319
304
291
290
315
302
294
302
284
315
287
303
307
287
325
282
305
349
304
286
309
316
293
298
299
304
310
291
311
312
312
294
295
276
314
309
296
302
302
299
312
298
285
313
303
297
305
299
301
298
301
295
310
304
299
300
296
309
304
299
301
301
301
301
302
302
301
301
302
301
301
302
304
299
302
303
302
301
302
302
302
301
303
298
301
308
303
297
299
300
300
301
302
303
301
300
301
302
301
302
302
300
303
299
302
300
303
302
299
301
304
302
301
303
303
302
302
303
300
300
301
303
304
298
303
303
301
299
302
304
303
300
297
303
306
301
300
300
300
302
301
302
304
301
299
302
302
298
296
306
307
297
306
299
299
304
304
301
301
302
302
301
300
300
303
302
303
300
299
303
300
306
303
298
300
300
305
302
301
300
297
303
304
302
302
302
301
301
302
302
301
304
300
302
302
302
302
300
303
302
301
303
303
300
301
305
299
303
302
301
302
302
301
301
302
302
302
301
299
303
304
296
303
308
298
300
298
308
306
298
301
301
298
299
302
305
303
289
298
317
298
297
294
304
307
310
311
292
296
292
296
313
302
299
308
293
302
303
299
297
303
314
299
296
309
269
330
296
303
284
309
302
307
292
309
297
297
306
335
269
310
315
279
303
292
291
308
300
295
310
299
337
289
284
310
305
290
309
339
278
304
280
288
316
309
268
325
347
258
307
277
332
288
311
283
293
312
258
320
330
293
325
267
320
315
320
302
304
296
298
310
327
318
285
296
265
323
334
328
257
333
304
285
252
287
328
325
273
305
342
243
379
241
209
347
338
279
262
350
291
216
311
325
299
309
284
329
274
295
374
255
279
320
329
293
284
284
306
252
350
309
264
332
292
266
319
264
364
331
256
328
300
269
310
313
314
274
300
308
323
315
263
314
319
269
339
286
290
295
293
330
328
285
309
266
319
330
311
278
269
332
269
338
285
308
293
284
309
275
360
247
339
180
358
216
360
254
325
267
269
238
394
370
305
248
250
392
296
243
276
335
332
268
281
311
320
294
287
307
323
275
290
316
323
259
347
242
309
293
321
262
343
307
298
288
245
417
270
283
282
315
288
302
262
444
246
338
319
300
282
290
334
334
279
293
322
274
395
274
282
304
263
361
287
282
323
278
307
231
391
259
321
263
280
361
309
202
443
261
244
327
311
284
234
385
275
286
288
311
298
301
290
323
292
291
317
314
268
334
283
311
247
363
290
267
323
295
283
322
305
288
295
345
281
292
311
267
293
313
313
284
289
291
318
327
287
314
237
397
274
287
303
348
263
304
293
284
326
276
302
324
290
297
271
291
343
331
264
305
298
312
326
287
268
318
294
340
272
283
280
376
274
334
314
287
294
326
310
280
289
309
278
272
360
250
332
321
293
283
276
302
301
310
272
311
329
324
266
291
281
335
251
365
285
307
299
300
241
394
228
335
316
250
337
289
245
281
378
291
260
305
297
294
324
325
282
286
328
325
222
325
344
277
302
284
310
296
262
358
291
291
309
321
316
294
292
306
290
295
306
285
319
315
219
362
286
314
298
312
288
301
329
289
276
311
319
326
309
318
291
305
288
295
335
327
271
291
287
312
299
287
315
304
303
324
261
323
295
335
293
280
303
302
326
303
332
239
279
362
320
274
284
295
328
304
309
235
312
313
279
302
287
295
330
301
292
295
278
321
278
314
313
303
294
316
307
296
303
304
305
279
283
320
301
289
319
316
318
305
282
312
322
288
310
305
297
315
274
313
321
317
300
287
307
319
298
295
299
309
306
297
289
334
271
311
296
306
288
322
305
291
293
311
297
303
294
302
304
303
304
299
306
299
307
302
300
300
302
302
300
302
304
298
303
303
301
301
301
301
299
303
304
301
301
303
302
298
303
303
301
302
301
301
302
302
301
300
303
301
302
302
299
305
301
298
305
302
299
304
302
302
302
302
301
300
302
302
302
305
293
305
305
296
300
303
302
305
303
294
302
305
306
300
301
302
302
300
302
301
302
304
299
300
303
302
300
303
301
300
303
298
305
296
305
303
298
301
302
302
301
300
301
305
299
300
303
304
303
301
301
302
301
304
300
302
295
307
301
304
301
301
300
302
301
301
303
306
299
300
303
299
303
300
296
307
301
298
307
302
300
301
300
300
302
301
306
305
300
298
307
307
300
297
300
302
305
298
309
299
306
294
309
298
299
297
313
299
303
294
296
303
317
299
299
307
300
297
301
312
310
300
297
303
302
295
307
306
306
299
290
313
308
295
296
306
311
295
304
310
307
287
305
301
305
303
289
290
314
304
295
299
286
305
318
295
288
314
322
297
273
323
319
292
289
302
306
305
306
290
279
308
305
298
316
302
306
312
307
316
270
264
351
294
278
294
303
318
304
293
316
309
276
313
298
308
305
219
349
326
255
264
313
314
260
328
337
286
259
365
320
263
304
297
296
310
292
252
356
279
271
359
308
275
300
308
268
351
314
295
298
359
255
344
229
296
331
309
301
335
259
347
298
231
301
329
303
261
334
293
289
326
301
372
272
259
319
323
262
340
277
316
290
301
279
295
323
311
335
280
266
306
307
312
299
269
368
253
351
299
308
279
257
322
351
278
254
354
302
266
291
336
339
251
288
338
311
300
278
300
281
320
305
293
310
292
324
316
238
230
426
330
236
301
317
330
339
323
279
316
274
312
331
296
283
352
303
247
373
260
347
309
264
327
311
278
310
304
308
307
268
303
281
350
287
272
349
315
236
279
307
319
305
277
287
394
283
225
347
259
337
276
239
328
367
317
267
312
256
372
248
355
238
365
377
220
301
373
262
298
236
382
316
260
308
306
317
289
351
305
243
348
297
301
291
252
343
332
302
272
307
269
341
304
322
284
294
294
308
332
268
245
430
281
278
275
301
295
318
296
294
298
302
300
301
294
277
334
291
295
293
266
330
283
325
289
298
297
309
295
291
336
284
302
276
320
330
263
301
286
302
299
316
305
280
272
373
269
287
284
354
312
295
303
336
292
313
320
279
333
296
295
286
308
287
286
298
293
288
284
435
268
293
303
295
298
299
300
300
312
288
278
316
297
330
284
295
289
321
302
332
293
299
303
295
308
294
299
288
330
310
271
325
289
321
282
314
315
275
343
275
319
318
260
333
310
310
279
290
322
307
295
282
288
290
304
304
316
276
319
298
291
288
309
282
359
279
316
302
278
299
287
318
301
288
291
332
266
310
317
296
293
310
273
323
282
317
299
306
293
284
343
299
315
292
283
291
296
343
270
306
306
295
300
299
288
339
264
296
296
347
275
306
298
281
305
286
263
374
291
285
302
300
279
320
276
309
321
282
292
310
299
330
296
317
293
301
304
299
315
294
322
294
331
308
290
327
300
326
295
288
313
280
321
313
291
284
293
332
319
282
293
321
312
325
298
258
312
322
318
278
291
314
283
315
303
289
314
287
292
315
303
305
310
289
293
291
318
291
295
297
305
320
307
293
307
280
305
325
295
297
294
290
298
315
287
303
293
311
324
295
290
317
305
305
267
313
315
291
295
322
302
309
298
322
295
287
307
296
316
295
290
283
312
310
312
299
325
312
310
282
305
289
310
309
295
303
294
304
304
289
324
257
322
303
289
293
302
302
301
295
305
295
312
314
301
281
321
278
312
287
309
301
297
300
302
303
301
301
302
302
301
301
302
302
302
301
302
300
302
300
300
306
302
300
301
302
301
301
301
302
302
301
302
302
302
302
302
302
301
302
300
304
299
298
301
304
303
303
301
301
302
302
302
301
300
302
303
301
301
303
299
303
302
302
301
301
303
301
302
301
300
301
305
300
302
303
302
299
303
300
301
303
302
302
302
300
302
302
301
301
301
302
304
299
298
302
305
302
303
302
299
299
303
302
301
305
298
300
301
303
301
302
301
302
301
302
301
298
306
302
298
301
306
298
297
305
301
301
300
302
300
302
304
302
299
301
301
304
303
300
301
303
302
298
305
301
304
297
303
303
300
298
304
305
300
301
302
302
302
300
302
301
299
304
301
303
303
297
302
301
303
297
299
306
301
299
302
303
303
300
300
303
305
300
301
296
306
304
296
295
310
301
299
299
303
289
302
307
310
292
294
295
317
298
294
323
259
315
297
317
275
318
311
273
329
287
311
290
307
273
324
266
327
306
273
287
307
315
305
274
295
306
273
331
314
283
336
289
287
300
317
313
287
293
320
275
284
305
312
287
274
368
256
359
279
332
290
273
306
362
288
312
297
295
330
309
295
275
300
342
268
290
361
286
301
287
318
326
242
291
254
344
315
306
277
310
302
265
259
305
325
312
315
309
306
336
294
233
343
290
297
329
307
307
271
294
351
253
346
311
283
294
306
272
330
294
281
325
328
290
290
294
308
239
341
323
275
333
276
302
293
257
341
333
273
265
284
311
344
298
283
278
326
345
272
308
275
301
292
288
365
280
266
293
280
341
326
248
315
358
253
340
277
310
314
314
286
296
285
380
257
366
353
252
279
204
374
317
259
302
316
314
269
321
274
284
298
160
434
307
222
332
286
299
310
323
276
318
315
320
286
247
334
280
327
283
262
293
386
223
331
280
303
296
316
343
260
335
305
275
342
253
317
316
321
271
315
302
263
331
253
329
287
311
330
270
307
289
294
350
267
317
281
302
334
255
329
281
302
305
269
312
311
293
266
324
319
271
329
338
240
314
307
266
296
288
325
307
279
286
312
315
303
265
357
265
280
285
284
316
298
317
291
257
374
302
272
314
292
315
317
293
280
312
300
317
288
301
293
290
303
291
314
356
297
283
297
302
301
308
282
356
286
276
382
275
294
294
319
289
310
301
278
344
294
289
293
316
285
269
361
284
298
289
298
321
298
326
313
288
297
290
338
303
297
288
285
315
310
279
340
280
297
304
298
296
299
310
300
284
295
301
292
297
288
335
280
317
290
306
289
299
327
299
291
310
300
298
314
318
292
295
303
324
289
286
294
357
283
279
296
283
293
322
314
313
304
280
312
306
309
285
294
287
332
295
289
320
297
295
296
310
298
294
320
282
312
304
301
296
293
296
304
302
294
311
289
310
300
305
306
292
284
316
305
285
315
319
295
297
294
312
303
287
316
304
289
296
297
333
304
291
292
316
304
302
292
290
326
292
309
259
342
295
276
296
316
285
310
326
286
261
327
356
352
230
289
314
315
293
294
312
306
306
299
322
318
260
266
366
367
244
295
293
308
315
289
290
275
350
326
311
274
291
303
308
315
273
296
315
309
285
303
298
308
310
300
284
337
313
273
301
296
303
300
296
282
291
313
370
305
238
284
351
332
281
287
289
290
325
309
269
297
356
286
342
265
313
294
305
302
296
300
288
272
338
330
282
306
299
285
269
343
285
261
312
310
296
296
312
315
294
299
321
274
310
339
288
299
318
296
296
299
304
330
321
274
311
296
287
305
304
302
257
323
314
296
291
309
289
300
311
318
298
290
306
312
305
294
299
306
306
292
301
308
298
299
302
301
302
302
301
302
301
302
301
302
302
302
302
301
301
302
301
302
302
301
302
302
301
302
302
302
302
302
301
301
302
301
301
302
302
301
302
302
301
302
302
301
302
301
302
301
302
302
302
302
302
301
301
301
301
301
302
302
301
302
302
301
301
301
302
301
302
303
300
301
303
301
303
302
300
304
302
302
302
302
301
302
302
303
297
304
301
301
303
300
302
305
297
300
304
303
302
302
302
301
302
301
302
300
301
301
300
305
302
302
301
301
302
304
298
301
303
301
300
302
302
303
300
302
298
305
301
299
307
306
298
300
302
290
310
303
288
314
281
307
302
302
296
304
302
300
311
314
286
299
298
315
305
288
302
317
296
295
303
304
314
322
272
308
299
301
314
298
284
302
315
270
316
305
305
327
268
305
300
316
296
289
317
321
292
330
284
342
244
279
322
269
316
311
324
325
260
334
320
326
248
314
304
314
262
290
351
312
266
292
273
322
341
270
302
303
287
322
274
317
308
274
318
270
333
311
270
343
284
348
289
334
318
308
313
313
259
329
346
269
330
257
313
318
290
310
262
335
346
283
303
289
302
293
253
321
296
309
305
287
312
300
350
299
266
304
314
319
288
290
346
262
288
324
272
295
313
318
317
300
309
257
345
307
308
304
315
271
286
304
335
297
278
284
306
303
278
346
279
284
323
279
291
320
305
247
312
294
324
342
222
338
286
284
311
299
366
260
263
261
294
328
300
276
319
252
296
292
300
373
220
359
297
259
302
295
304
247
327
287
335
248
351
348
235
311
412
263
288
249
240
404
307
234
344
270
349
354
259
240
338
323
319
279
303
307
315
290
299
303
277
323
297
295
313
244
343
309
340
294
294
306
289
295
285
303
284
310
268
352
237
334
275
351
336
266
267
342
286
299
304
269
357
307
290
307
316
302
302
288
298
288
312
302
296
324
245
338
287
288
279
335
303
292
296
295
296
325
269
320
298
285
305
293
312
306
280
329
298
296
285
338
280
300
290
310
295
310
316
289
299
295
332
287
292
314
302
299
299
303
303
301
302
302
302
301
303
301
299
304
295
291
309
322
319
286
297
311
299
297
303
305
302
296
301
290
310
297
296
288
309
325
289
331
298
285
330
287
302
291
322
293
286
294
300
331
289
299
311
290
312
298
304
298
302
295
287
300
299
305
287
315
304
313
298
299
290
306
333
292
286
288
331
277
319
286
304
301
307
320
300
293
298
301
311
291
314
293
303
302
297
308
304
290
269
330
315
286
287
329
282
300
303
279
339
299
305
294
287
353
259
340
310
279
292
314
306
287
305
301
307
293
300
299
308
308
298
288
310
305
281
295
324
272
318
286
267
328
316
298
336
296
282
295
321
293
282
317
302
307
290
324
250
369
248
325
286
321
300
285
300
246
325
321
294
288
332
300
279
327
303
287
278
319
340
287
291
288
335
325
265
287
345
269
301
292
311
297
277
316
302
318
272
328
309
268
301
316
322
259
331
299
271
294
337
288
290
308
327
260
291
326
300
299
269
315
284
319
317
279
288
300
320
296
303
305
308
302
288
314
338
265
309
314
300
297
281
300
309
306
322
270
297
333
264
288
313
314
309
264
334
313
304
280
295
296
301
298
317
298
317
334
275
317
274
319
321
287
306
297
289
316
312
274
328
312
325
290
305
298
307
309
278
340
298
293
302
298
285
312
300
304
315
299
289
322
286
305
305
305
283
313
308
292
300
310
305
290
303
306
298
300
303
302
302
302
302
301
301
302
302
301
301
302
302
301
301
302
302
302
302
301
302
301
301
302
301
302
301
301
301
301
301
301
302
302
302
302
301
301
302
302
301
302
302
302
302
301
301
301
301
302
301
301
301
301
302
302
301
301
302
302
301
303
302
300
300
302
303
304
302
301
302
301
301
301
302
301
302
301
302
302
302
302
301
302
302
302
302
301
300
300
303
302
303
302
301
302
302
301
300
301
302
302
301
303
302
301
301
302
302
302
301
302
302
301
302
302
302
301
302
301
304
301
302
301
300
302
300
302
302
301
300
301
301
302
302
302
301
301
301
302
302
303
302
301
301
302
301
301
302
302
302
301
302
299
302
303
301
299
302
302
302
302
303
300
302
304
301
301
302
306
299
301
302
301
301
301
301
301
302
302
301
300
301
302
297
305
302
300
301
303
301
302
300
301
301
303
302
301
300
303
302
300
300
301
303
302
302
301
301
301
299
304
306
298
303
301
305
298
302
303
301
304
303
299
302
303
303
301
302
298
302
302
312
296
301
301
307
296
306
300
304
299
307
299
300
301
300
305
300
303
307
300
298
302
297
303
320
279
305
307
312
298
295
325
279
320
291
305
294
298
308
317
277
325
292
349
266
302
327
334
260
319
308
322
281
298
307
289
303
319
291
310
265
316
345
263
353
274
306
309
303
306
295
296
297
305
326
298
289
307
312
270
320
325
296
305
252
307
315
360
256
278
316
310
285
332
297
290
305
264
356
289
307
283
299
263
326
324
270
282
311
309
271
307
249
312
302
294
307
302
297
339
287
280
302
312
316
287
294
298
312
315
307
295
302
310
276
307
333
283
295
298
311
295
282
302
299
301
289
315
298
302
293
322
279
301
315
314
312
260
301
333
310
297
272
298
307
329
309
280
322
311
290
296
317
260
317
332
277
335
283
246
355
311
260
304
321
300
266
321
293
275
318
296
303
311
265
327
288
277
329
299
288
286
326
281
305
278
316
327
239
302
353
303
319
237
386
325
262
287
294
304
312
331
301
267
312
223
322
309
293
288
332
298
349
321
252
330
313
286
294
323
262
324
270
271
355
314
284
305
312
279
267
338
317
276
320
279
303
305
355
278
242
327
304
298
295
281
307
290
301
290
328
268
237
405
306
279
295
285
295
280
303
324
327
294
276
306
330
301
283
299
304
296
299
286
305
269
372
286
289
293
309
298
303
295
302
298
322
305
292
288
305
298
302
303
298
267
348
303
294
293
282
335
295
281
280
346
278
330
284
303
280
306
298
284
295
335
305
288
296
300
298
315
298
300
300
272
327
301
298
294
291
288
343
297
293
308
300
304
299
299
301
299
308
298
304
299
301
302
301
302
302
302
302
302
301
302
302
302
301
302
302
302
301
301
302
301
305
301
301
301
301
301
303
301
302
298
306
304
302
296
298
307
302
302
300
302
302
302
300
301
301
302
302
301
302
301
301
302
303
301
302
301
301
301
301
300
304
301
298
303
306
298
297
309
300
300
303
297
301
306
286
347
293
290
299
314
294
325
280
316
249
384
306
281
277
464
229
216
470
256
248
414
369
287
252
274
294
279
315
242
368
264
392
329
242
329
291
282
338
245
318
299
288
360
249
317
298
308
238
389
328
295
286
267
316
331
277
284
295
306
361
275
356
225
347
331
280
258
333
223
331
312
226
396
311
184
351
236
347
305
340
321
270
350
282
291
272
337
298
307
296
265
280
337
310
322
296
297
304
309
283
272
346
326
284
303
273
385
338
252
290
292
273
304
309
271
320
240
300
350
308
320
287
285
325
277
314
287
294
305
335
317
266
306
398
357
210
340
299
283
294
296
307
292
301
325
301
315
262
329
306
304
291
301
301
298
291
296
327
317
273
315
304
287
331
303
292
287
300
295
299
320
310
273
309
325
307
240
330
311
296
311
316
284
299
317
282
323
285
307
357
219
324
347
265
279
310
317
270
304
316
305
296
277
321
331
274
311
307
302
303
297
300
303
289
305
338
290
294
303
316
296
322
312
282
310
300
288
322
316
269
312
281
306
306
303
281
320
324
280
282
306
309
293
308
311
300
290
306
307
308
287
317
318
284
297
301
301
305
302
302
301
296
302
307
295
308
305
297
295
306
302
299
302
300
301
301
302
302
302
302
301
301
302
301
301
301
302
301
302
302
301
302
302
299
307
298
301
302
300
301
299
302
307
300
299
298
303
302
302
302
302
302
301
302
302
302
301
302
301
302
302
301
302
302
300
301
302
302
301
302
303
303
299
300
304
300
303
301
304
303
299
299
301
303
301
302
302
302
301
301
301
303
300
305
299
302
303
301
301
301
303
302
302
301
300
302
303
301
303
298
303
301
303
302
300
303
300
302
302
302
302
302
302
301
302
300
303
301
302
304
301
302
301
301
300
301
311
299
300
303
300
300
303
302
299
304
302
303
302
299
305
301
299
301
301
305
295
302
306
302
300
301
304
303
300
302
302
299
303
299
306
295
308
300
297
294
308
304
298
304
296
307
303
302
283
313
319
283
319
295
313
291
286
317
286
317
308
310
315
274
309
306
318
277
307
305
293
297
287
314
303
299
303
292
310
299
273
330
324
301
279
300
311
282
295
319
323
289
307
304
278
320
309
299
289
291
297
305
291
305
292
298
293
311
289
332
312
294
282
324
292
274
324
306
294
282
312
304
302
307
290
300
326
311
303
298
276
287
303
346
300
271
288
322
318
294
285
319
279
323
301
274
346
286
292
309
306
256
301
319
304
296
285
312
339
299
247
338
298
301
253
339
300
299
266
290
341
304
290
301
307
304
297
293
280
313
301
278
341
319
278
253
312
301
290
286
350
302
305
246
305
337
303
294
303
280
306
305
285
326
303
298
279
282
327
312
312
272
302
298
304
319
311
296
335
240
335
288
310
345
257
276
271
341
307
273
301
292
336
263
236
352
313
303
300
299
301
313
290
310
299
284
322
276
314
283
372
305
262
232
347
286
295
292
297
334
280
303
255
295
332
281
340
283
269
308
301
328
342
255
330
315
287
269
319
315
285
276
272
368
352
277
249
338
313
292
276
306
291
289
320
289
330
248
318
333
251
350
273
312
287
270
345
283
262
330
285
332
317
235
342
313
312
307
287
289
327
334
272
307
290
310
296
309
282
353
313
292
276
315
286
311
317
287
292
308
311
306
271
299
368
259
317
314
324
304
291
310
299
299
296
311
315
270
319
310
285
322
295
249
343
311
307
282
301
297
288
322
334
270
284
384
262
328
351
264
289
293
288
302
283
329
288
299
318
285
315
305
287
361
311
289
316
301
295
291
318
296
296
300
294
300
281
321
347
278
287
282
347
281
329
311
270
348
286
289
299
307
311
302
290
287
292
265
394
287
293
299
285
313
327
288
301
278
326
313
280
332
313
287
294
307
300
307
293
320
293
315
278
343
281
354
256
306
316
299
350
275
274
300
319
308
297
304
288
295
293
302
320
285
295
346
254
286
318
293
280
331
306
280
313
289
332
295
302
295
324
295
299
273
331
317
279
329
301
304
280
277
368
280
312
304
263
259
359
305
287
227
338
308
318
304
262
311
300
324
351
269
318
282
342
287
251
348
335
296
279
313
290
319
294
236
397
274
289
300
313
349
266
272
314
298
262
323
288
305
260
347
278
318
285
303
353
282
298
292
273
350
272
321
292
272
332
312
304
227
339
327
284
300
280
299
266
335
297
312
276
279
303
384
310
224
351
273
291
256
323
294
303
300
284
319
283
240
311
297
309
329
285
260
297
331
299
286
243
350
307
253
284
314
307
345
343
277
320
312
311
287
308
342
286
290
248
305
332
319
289
288
305
268
356
329
265
325
311
281
323
357
242
318
290
273
326
359
259
295
298
288
286
344
336
255
301
317
311
305
293
310
308
270
296
325
291
276
301
308
301
306
300
280
340
314
262
328
297
298
313
282
289
310
298
304
299
273
326
338
271
331
303
291
298
297
308
277
311
305
298
281
316
311
319
280
310
313
277
299
306
305
307
296
304
299
301
304
300
299
303
303
301
302
302
301
302
301
300
295
296
301
304
305
305
305
306
305
305
303
302
301
300
299
300
300
302
303
302
302
301
302
301
301
301
301
302
302
302
301
301
302
302
302
301
302
302
301
302
302
301
301
301
301
301
302
301
303
301
302
301
301
302
302
302
301
302
302
301
300
300
303
301
300
303
302
301
301
301
301
302
301
301
302
302
302
302
301
303
301
301
3