405
406
402
396
389
380
372
364
358
352
346
341
334
325
269
377
261
258
332
329
296
417
277
186
381
298
340
274
325
336
214
299
376
311
216
240
394
297
330
300
308
279
279
316
265
332
293
286
325
272
349
266
335
343
270
266
395
248
336
231
326
360
291
265
305
256
352
243
363
265
297
272
318
342
214
323
296
280
297
323
292
333
310
254
305
324
306
304
264
265
359
281
290
299
287
271
306
329
271
343
269
293
289
312
338
283
347
260
261
281
288
258
347
255
316
313
284
296
326
366
259
306
299
262
313
307
326
258
314
304
306
309
282
292
305
319
296
305
298
359
277
296
293
302
330
303
284
284
309
333
303
288
307
326
295
303
304
291
339
270
298
293
317
295
299
289
314
290
318
288
294
308
303
305
301
349
326
269
271
333
311
279
300
279
312
282
322
294
300
246
386
290
293
315
283
311
299
289
340
275
322
254
355
288
301
316
304
290
311
292
304
288
260
326
292
272
301
292
332
285
294
304
291
301
319
277
315
274
309
286
311
317
282
282
301
282
344
289
292
298
291
287
331
276
280
309
291
308
296
328
292
294
302
299
307
299
290
315
300
306
316
253
340
313
274
301
315
300
303
304
295
311
300
315
300
298
331
281
296
296
306
294
327
282
319
289
285
328
307
293
270
313
308
298
300
285
302
316
302
304
291
303
282
317
291
288
306
309
297
302
295
309
302
302
296
305
302
298
306
301
305
291
305
309
308
300
306
293
287
306
294
309
286
305
298
303
342
287
300
307
302
295
304
308
296
299
289
316
287
315
296
324
308
295
298
304
293
296
314
297
297
291
324
299
290
316
299
299
310
292
290
313
291
306
306
302
298
288
307
304
307
295
306
287
320
305
313
293
295
300
274
322
304
286
306
304
292
307
304
296
302
315
300
329
273
320
306
280
311
321
282
304
297
293
330
267
323
320
303
260
355
257
299
306
326
302
283
302
306
293
315
296
318
258
303
292
297
317
281
309
305
307
293
307
295
322
298
285
322
301
274
346
279
298
334
319
275
311
303
306
289
302
312
296
292
304
292
297
307
312
301
294
294
303
316
282
299
312
304
304
293
304
306
306
293
304
303
302
301
299
302
295
328
247
313
312
314
307
300
293
299
305
305
305
288
302
302
293
309
306
299
301
302
301
301
301
301
302
303
301
301
302
302
301
301
302
302
301
298
302
303
304
302
297
298
305
303
301
301
301
301
303
304
302
303
302
301
301
302
302
300
303
302
297
303
303
303
307
297
299
300
309
297
304
302
301
301
301
301
302
301
302
302
303
302
303
296
301
306
303
301
302
301
299
300
302
303
302
301
301
301
301
301
301
302
302
299
301
302
303
302
299
300
301
302
303
302
301
301
301
302
302
302
303
301
300
301
303
302
302
301
303
300
301
301
300
304
304
302
297
303
305
300
300
303
300
302
299
307
300
299
305
302
294
305
301
302
301
301
301
301
302
300
300
302
304
301
301
301
302
302
302
300
302
302
302
301
305
300
291
309
306
296
304
310
294
295
301
313
270
316
307
325
280
287
300
297
296
303
373
225
318
327
306
289
261
341
296
318
318
287
280
314
316
316
281
318
292
278
325
322
297
290
335
268
297
278
333
297
274
325
304
303
329
333
230
292
338
336
233
307
306
319
355
356
176
309
322
248
336
308
277
369
305
239
301
356
282
289
327
374
199
323
362
262
286
357
295
268
357
295
313
218
352
364
283
240
339
278
343
329
234
355
252
307
306
275
303
337
309
270
273
337
339
304
257
325
284
323
291
249
373
335
256
317
274
295
366
264
269
355
277
321
280
319
351
226
353
272
320
264
323
294
327
290
297
334
290
351
333
235
286
315
322
317
302
279
303
273
275
311
301
307
272
305
270
338
280
322
281
335
301
274
351
285
317
323
345
247
306
354
237
340
328
269
320
243
392
269
271
334
291
315
363
288
279
312
308
333
281
317
287
322
277
304
258
337
291
303
340
287
282
296
306
298
282
310
310
319
294
296
317
323
258
302
304
306
309
266
320
293
309
290
301
287
350
290
321
297
280
317
292
305
309
289
308
324
273
308
312
356
277
307
291
285
310
317
303
313
315
272
312
299
297
308
320
292
319
277
359
308
281
307
306
297
296
297
294
306
308
301
300
305
304
275
307
277
326
272
301
279
331
299
306
295
296
313
303
297
316
299
294
313
300
283
317
317
286
301
294
309
282
312
302
295
301
308
303
311
299
296
300
304
301
300
295
302
311
313
288
312
292
304
276
318
315
286
336
279
309
289
311
299
318
266
269
344
324
271
326
297
310
292
278
334
297
291
309
287
292
296
335
304
305
300
297
297
306
303
304
298
298
306
288
325
302
312
280
298
331
299
301
295
300
301
302
299
306
297
296
307
312
282
304
288
312
311
285
308
301
290
304
307
293
312
287
315
297
313
285
293
302
302
306
299
305
299
325
304
316
265
325
322
304
305
294
309
300
295
310
281
298
325
281
300
301
316
310
293
298
292
303
311
288
303
296
324
317
281
291
298
318
289
296
297
300
293
312
297
292
316
283
304
309
278
322
301
283
309
297
309
302
300
306
320
273
303
307
309
279
311
320
277
285
325
281
316
281
298
317
298
289
318
277
296
328
266
329
297
258
328
322
267
265
352
263
331
285
310
298
388
238
283
337
281
311
275
248
371
231
355
310
279
347
300
304
298
383
189
301
321
322
306
310
288
310
277
323
289
299
340
282
336
281
302
327
308
300
286
337
291
305
314
311
289
325
297
291
334
264
282
352
283
313
253
345
279
300
303
300
308
287
328
269
324
296
303
279
297
315
297
298
301
301
302
302
300
296
303
301
304
304
298
298
303
303
304
299
295
301
304
304
302
301
303
301
301
301
302
301
302
301
302
303
302
302
302
302
303
302
302
302
301
302
302
301
301
302
303
301
298
302
302
303
302
299
298
304
302
301
302
302
302
302
302
301
301
302
301
302
301
301
301
301
302
302
300
300
303
302
302
302
301
302
302
303
301
301
302
302
302
302
304
302
298
301
303
302
303
301
300
302
302
301
302
302
302
302
302
301
300
302
303
303
301
299
303
303
301
302
301
302
302
302
301
301
302
303
302
300
300
303
303
302
302
301
303
295
304
306
302
297
302
303
303
300
301
301
302
302
303
301
301
305
300
301
300
297
310
299
304
303
298
304
298
304
302
293
298
326
261
364
251
313
297
311
290
328
266
317
322
283
315
286
280
298
306
333
273
298
355
218
337
300
359
265
204
387
256
339
326
345
206
282
349
276
301
262
299
319
316
291
299
382
239
238
373
303
273
378
238
223
277
402
293
244
295
341
300
255
148
366
303
329
301
337
286
206
384
246
357
242
355
299
266
304
290
351
248
218
403
275
379
267
332
307
277
387
236
347
221
297
240
363
264
348
302
323
275
289
274
386
295
280
283
311
364
213
273
342
309
319
332
274
295
354
247
367
294
299
280
319
419
157
410
352
229
333
298
313
246
294
282
319
341
261
280
306
307
253
279
363
293
292
284
327
330
316
273
342
289
255
344
294
306
291
344
268
322
307
271
286
297
260
338
269
364
262
403
252
338
275
284
330
295
282
332
308
330
295
282
341
319
263
317
276
319
308
272
308
299
364
268
321
307
290
340
324
291
293
270
310
350
321
307
272
351
367
292
286
310
315
322
300
304
349
258
283
339
311
271
295
316
304
312
340
259
364
290
270
346
308
285
301
356
274
328
306
275
315
300
290
285
304
271
339
312
292
297
297
299
314
321
291
293
308
269
310
325
297
350
295
283
297
312
303
300
285
310
303
286
316
296
268
356
290
321
306
264
345
293
279
341
295
297
295
290
339
270
322
277
326
266
324
288
309
305
303
298
294
311
320
285
293
337
234
373
285
266
328
294
288
297
312
278
329
293
268
321
285
331
258
332
305
296
318
304
294
295
303
308
300
327
300
305
302
292
308
306
303
306
298
304
310
304
298
302
299
302
300
295
319
295
298
309
295
312
294
309
300
281
310
295
312
292
303
292
300
302
295
294
291
343
292
299
311
290
302
310
300
306
297
308
298
298
302
316
292
297
298
305
307
297
295
310
303
298
303
290
305
299
313
290
307
294
306
309
291
299
303
302
308
296
300
302
318
307
310
300
296
296
294
298
314
291
303
308
304
296
296
295
307
305
311
290
297
309
311
288
296
291
311
312
301
306
292
304
308
295
320
280
309
304
280
311
299
296
315
299
291
306
316
297
309
315
295
313
280
285
305
315
293
294
309
279
305
316
298
308
304
317
285
324
287
306
295
303
301
303
308
301
302
304
305
289
304
322
276
321
310
294
289
312
305
299
300
302
299
300
309
298
302
301
300
301
302
301
301
302
301
301
302
302
301
302
302
302
302
302
302
303
300
302
302
301
301
301
301
302
303
301
301
302
302
302
302
302
302
301
302
301
302
301
301
302
301
302
302
302
301
302
302
301
302
302
302
301
302
302
300
301
303
301
302
302
301
299
302
303
302
302
301
300
302
302
301
301
302
302
302
301
301
302
303
302
300
301
302
301
301
302
302
300
301
301
303
301
302
302
301
301
301
302
302
301
300
302
303
301
302
302
301
301
302
302
300
300
301
303
303
302
301
302
300
302
303
302
301
301
302
304
301
300
301
305
302
300
300
303
303
301
300
302
302
302
302
300
301
302
303
302
300
302
305
300
300
301
302
301
297
304
303
303
299
296
307
304
300
300
300
310
300
296
312
295
308
290
316
301
300
302
305
287
285
347
259
311
323
263
323
303
279
340
251
310
314
281
279
284
310
321
275
325
308
231
297
302
339
267
276
315
439
243
270
343
331
215
321
363
238
296
335
304
273
235
384
286
275
370
233
391
219
299
349
281
390
295
251
295
325
277
361
221
327
372
245
269
330
325
248
313
282
296
387
184
342
361
227
310
307
252
309
319
292
243
329
321
351
274
326
309
297
221
340
213
360
332
291
277
268
365
303
271
317
318
259
269
285
338
278
312
296
307
321
276
274
336
320
274
299
299
302
292
318
291
304
268
318
276
322
292
283
301
300
316
285
307
260
327
322
304
306
285
304
301
300
325
305
345
266
311
292
296
313
303
296
325
290
281
336
292
373
284
283
319
285
324
273
319
315
347
240
335
266
295
308
287
233
353
281
266
314
309
273
295
330
277
289
328
315
323
243
307
360
288
282
297
308
309
286
300
319
289
319
301
253
362
309
294
319
277
308
299
299
293
353
289
299
292
363
327
252
314
280
274
373
305
288
291
263
334
287
293
285
333
327
287
312
318
286
289
300
302
302
303
301
279
326
274
338
339
282
286
298
300
286
344
302
289
302
300
297
300
305
304
288
308
302
311
295
313
295
303
297
293
322
280
326
327
271
285
314
294
302
301
292
298
320
295
302
304
296
306
270
372
269
286
322
296
297
299
323
304
294
271
336
310
282
327
282
308
347
287
286
313
308
287
305
307
297
303
304
299
305
306
301
303
303
302
300
297
310
301
293
326
290
304
299
309
318
287
329
286
318
314
289
309
312
295
300
296
315
270
287
368
302
319
314
291
297
295
297
314
308
286
312
288
333
306
285
286
333
311
291
298
291
295
298
315
297
283
276
293
373
299
317
307
300
285
283
313
294
270
315
307
311
294
309
294
322
286
304
303
294
297
304
299
330
277
312
297
330
278
298
312
274
300
329
263
352
288
305
315
303
326
303
307
300
316
292
324
302
290
361
267
332
241
323
306
329
278
298
305
290
303
331
249
326
307
290
314
323
282
325
312
341
237
306
302
312
327
255
318
280
309
312
298
294
285
357
245
309
333
260
297
302
329
246
316
306
310
276
313
327
295
280
319
289
311
300
309
294
346
241
322
312
320
238
330
320
285
309
289
309
298
294
334
282
300
316
307
293
285
289
328
316
304
277
286
319
301
300
300
300
306
290
317
311
290
304
304
286
314
298
300
302
301
301
302
302
302
302
301
303
302
302
302
302
302
302
302
302
301
301
301
302
303
300
301
301
302
301
301
302
301
302
302
304
301
299
304
305
298
301
306
301
303
302
300
301
301
302
300
300
303
302
302
301
301
302
302
302
301
302
302
301
302
302
304
298
299
306
300
302
299
303
303
302
301
302
302
301
302
302
301
301
301
302
303
301
302
302
302
302
300
301
302
302
302
302
302
302
303
298
303
302
301
302
301
301
301
301
302
302
303
301
299
304
302
302
302
298
302
302
302
302
299
303
303
302
302
302
301
301
302
302
301
301
298
303
304
302
298
304
304
298
301
299
299
304
305
299
302
302
302
303
301
303
299
302
307
295
308
302
304
296
300
298
304
303
302
301
301
302
300
304
299
307
304
297
303
298
296
308
300
309
290
292
323
299
307
291
302
313
334
278
251
346
338
250
366
269
275
336
321
278
330
277
322
298
268
298
331
389
247
285
304
333
314
300
289
264
314
255
297
282
401
257
239
354
321
276
306
351
280
296
290
294
377
297
298
306
249
366
293
368
214
395
225
339
296
297
319
311
290
304
274
341
273
293
289
303
350
284
281
353
267
285
352
277
308
342
211
371
339
259
333
283
311
321
250
316
336
324
240
316
272
322
359
258
363
281
234
342
323
266
280
309
372
182
331
306
321
266
305
296
363
289
267
301
359
228
318
337
286
289
366
224
321
280
371
220
321
302
311
305
244
350
306
284
322
275
363
222
357
334
283
322
249
324
327
267
320
247
348
298
272
320
231
276
420
300
381
167
350
296
252
325
299
292
265
326
298
309
300
353
325
262
289
358
220
313
300
335
293
323
306
285
308
284
299
298
306
309
319
310
255
330
335
315
305
263
313
253
338
289
308
278
310
305
271
318
330
341
270
297
310
317
297
298
342
280
329
283
285
305
254
323
315
268
267
305
289
391
271
259
366
306
261
330
282
293
302
304
306
297
278
342
309
270
334
305
302
259
345
322
283
270
326
276
316
305
279
292
348
274
268
320
306
251
357
299
287
274
273
373
272
291
279
314
324
275
301
325
285
293
300
252
367
340
229
252
385
272
287
275
371
305
227
388
303
237
365
273
323
324
291
278
307
335
275
286
290
300
238
372
298
250
325
280
327
308
284
324
296
298
317
304
285
330
289
305
329
300
271
357
281
298
356
289
295
248
302
329
219
349
307
286
319
307
279
322
268
333
276
257
350
288
293
296
351
296
288
292
301
291
290
320
281
323
286
285
324
334
289
318
299
281
315
321
303
301
272
307
290
281
304
323
294
303
304
285
307
303
322
295
289
295
307
284
318
302
296
295
283
340
319
286
306
284
342
275
285
315
319
301
281
315
301
315
302
286
309
325
311
267
313
309
288
314
286
314
293
304
295
306
301
318
268
303
302
305
280
288
316
271
329
267
346
335
262
306
307
279
312
285
307
306
298
284
309
329
280
308
332
287
296
323
289
311
308
278
315
333
287
286
296
325
289
295
274
331
307
287
289
304
346
279
292
309
364
288
231
346
313
313
301
280
307
320
276
310
329
288
302
307
296
254
352
292
302
302
304
311
273
358
226
337
328
277
288
317
270
325
299
291
318
311
301
294
315
295
306
289
316
292
290
313
293
304
308
294
298
306
305
297
302
302
303
300
303
299
301
307
301
302
301
301
301
302
301
302
302
302
302
302
302
301
302
301
300
303
304
301
302
302
302
301
301
302
301
301
301
302
301
302
301
302
302
301
302
301
302
302
301
301
302
302
302
302
302
302
302
301
301
301
302
301
299
303
302
301
302
301
302
303
302
302
302
301
301
302
301
302
303
301
301
301
301
302
301
302
301
302
299
302
303
302
302
300
302
301
302
301
302
301
302
302
302
302
302
302
302
300
303
301
301
302
302
301
302
301
301
299
302
303
302
302
301
301
301
301
302
302
302
302
301
301
301
302
302
302
301
301
301
301
304
301
297
304
303
301
302
302
301
301
302
302
302
302
302
301
302
302
301
301
301
301
302
302
302
302
302
302
302
302
302
302
302
301
302
301
302
302
301
301
301
302
302
303
303
299
306
288
294
325
294
301
307
302
290
311
317
263
321
360
194
373
276
307
364
222
354
216
393
332
255
297
290
351
209
402
307
262
308
308
386
248
258
327
343
281
308
382
225
296
256
362
257
301
290
340
325
240
353
171
442
221
277
381
250
313
343
207
353
221
395
287
296
234
311
315
287
356
252
228
266
324
314
315
330
328
198
351
456
211
299
309
356
234
312
244
314
269
360
296
259
311
287
340
222
347
339
277
308
244
330
335
250
258
287
309
281
358
251
251
396
310
328
247
210
437
337
278
259
300
304
287
294
350
260
310
215
289
393
256
274
379
142
322
391
285
248
243
406
224
366
269
320
279
324
275
222
383
213
241
360
371
227
328
310
334
302
312
309
275
321
324
336
260
297
287
289
282
312
305
277
258
320
302
306
293
253
349
276
307
277
318
305
263
305
308
328
264
306
324
274
311
274
338
278
303
323
287
290
305
302
307
295
300
293
275
345
285
276
307
279
321
289
295
308
307
337
333
275
293
323
265
348
257
300
279
336
326
270
319
298
299
307
353
274
311
337
290
313
288
320
281
332
304
315
275
295
284
330
255
369
242
313
277
322
297
279
306
300
300
317
299
307
276
368
261
325
268
310
321
293
304
307
300
301
302
284
322
301
294
297
299
304
302
301
300
303
301
301
303
302
301
300
295
322
298
307
280
312
314
301
302
301
304
301
299
297
303
299
297
304
308
287
333
291
277
309
313
288
293
295
314
317
294
288
344
290
298
324
281
303
296
314
299
292
306
295
288
314
303
317
279
356
311
273
314
288
309
300
288
296
290
309
339
318
328
310
298
301
271
308
299
306
281
252
362
292
273
308
309
299
283
315
300
289
302
291
332
285
269
347
229
357
288
296
282
300
309
302
287
333
298
290
349
278
271
331
281
301
311
297
293
320
285
302
297
305
315
282
311
287
327
333
290
290
310
296
302
311
313
297
291
313
299
304
306
305
306
289
334
296
307
285
321
316
282
333
275
301
307
288
286
297
299
323
299
274
336
297
295
287
321
280
299
328
299
293
297
294
306
313
278
298
302
315
366
180
392
283
332
279
311
312
290
297
290
298
346
235
327
334
247
241
348
313
307
300
336
233
338
311
284
310
204
408
258
327
295
270
324
218
307
362
228
326
321
295
289
305
297
309
303
290
300
314
279
319
325
279
290
327
366
241
273
333
311
318
265
331
314
302
288
303
354
239
318
297
309
277
299
323
309
306
302
305
303
302
292
322
284
287
312
313
303
296
297
304
304
298
282
311
305
302
301
300
300
302
301
301
301
301
301
301
301
301
302
301
302
302
302
303
301
303
302
301
301
302
301
302
301
302
302
302
302
302
302
300
302
303
301
301
299
303
301
302
302
302
302
301
307
297
294
305
305
302
301
303
299
304
303
300
302
301
301
304
298
303
301
301
302
302
302
302
300
302
302
302
301
302
301
302
302
302
302
301
300
303
302
302
301
301
303
300
301
302
302
301
301
302
301
303
302
296
304
303
302
301
301
300
301
305
297
303
303
301
301
301
301
301
304
302
299
301
304
303
301
300
302
303
302
301
302
302
302
303
303
298
302
303
301
304
297
301
303
300
304
300
302
302
301
302
301
301
301
299
304
301
302
301
301
301
302
307
297
299
305
302
301
301
300
303
301
303
300
301
304
295
306
304
302
297
303
308
297
303
298
304
303
301
303
299
301
301
302
306
302
290
304
301
304
283
313
306
288
320
288
326
284
300
331
296
287
320
279
316
292
323
317
262
306
288
341
255
327
283
310
325
284
287
351
274
286
298
310
311
287
305
328
289
333
248
318
322
294
304
335
309
271
356
263
256
316
319
316
296
314
282
334
254
283
299
349
326
212
412
282
210
376
378
232
318
247
331
267
419
224
248
319
392
214
345
417
142
278
370
344
282
314
267
395
273
212
390
348
228
265
410
217
318
295
321
300
303
255
246
310
324
216
333
376
279
362
248
292
351
297
314
145
344
286
339
313
329
259
288
341
250
283
307
267
362
253
339
281
304
272
359
327
254
378
308
205
423
233
302
285
353
241
386
279
319
266
348
249
324
281
328
224
275
374
300
252
331
300
280
335
271
327
288
294
299
314
302
325
313
277
302
318
285
313
283
285
310
329
309
297
286
367
263
299
307
294
390
252
336
234
359
297
316
291
303
252
330
299
289
310
283
290
292
308
260
354
315
292
235
293
312
345
304
281
295
294
341
255
324
275
347
295
278
304
305
276
310
319
311
322
297
271
370
302
314
256
328
308
321
280
320
318
309
316
293
277
320
284
234
334
342
274
298
303
298
336
258
388
248
318
281
291
296
342
269
290
293
297
343
279
312
339
273
322
271
325
258
360
265
295
301
301
304
295
316
306
296
258
378
281
317
287
291
323
301
296
288
308
320
281
295
294
281
389
275
291
299
302
303
305
293
308
303
300
295
307
312
301
296
297
302
302
302
303
301
301
302
303
303
301
302
301
301
302
303
299
302
302
302
301
303
304
300
300
303
301
301
304
301
301
300
306
302
300
300
300
301
301
304
296
307
297
306
311
308
297
298
300
301
300
309
295
304
299
324
296
296
271
340
288
293
300
295
307
307
284
321
315
293
282
341
294
293
305
295
287
339
278
292
326
295
302
301
307
290
295
305
303
301
300
294
312
299
294
306
291
321
287
315
294
302
302
288
306
306
315
319
308
290
301
312
291
286
331
296
287
297
309
285
315
286
287
327
299
294
296
308
338
300
281
307
297
303
292
305
307
309
293
305
302
296
305
296
307
314
304
306
296
292
297
300
288
314
300
295
308
304
320
288
313
305
289
309
310
298
305
298
312
311
291
296
307
308
280
311
281
314
295
301
290
317
314
278
303
318
308
302
295
305
283
303
340
288
326
279
301
311
310
297
297
311
274
316
304
299
304
303
299
298
305
304
300
298
302
302
301
302
302
301
302
302
300
303
304
302
301
303
302
300
298
301
301
297
293
294
298
294
299
304
306
306
305
304
302
300
303
305
307
307
307
309
309
303
308
297
300
303
299
299
298
298
298
298
298
298
299
300
302
301
300
301
304
304
305
306
304
303
302
302
302
300
300
300
300
300
300
301
300
302
301
302
301
302
301
302
302
302
302
301
302
302
303
301
301
302
302
299
301
301
301
301
302
302
302