298
294
290
291
292
293
292
288
284
282
281
278
275
270
331
242
328
315
280
291
251
339
318
281
234
337
276
304
352
279
293
362
278
284
345
263
262
358
316
281
235
379
291
280
302
261
351
255
328
283
328
310
296
283
314
288
317
302
289
310
283
326
286
292
371
250
303
302
375
292
269
267
336
291
357
314
319
268
290
338
341
248
172
501
259
280
251
296
327
316
310
347
243
321
266
403
272
322
230
391
244
328
279
306
357
318
216
345
302
388
251
324
314
249
377
278
311
301
314
313
379
249
304
333
147
438
259
263
289
328
306
281
306
303
274
286
321
312
328
260
291
299
333
278
241
370
236
377
284
282
295
288
321
305
319
266
300
286
317
346
290
258
347
304
278
310
285
349
294
289
271
409
261
235
256
402
284
314
219
327
316
332
314
282
291
313
301
293
297
290
280
369
268
306
360
266
292
305
298
305
297
311
297
297
312
288
333
317
289
326
291
288
316
302
297
300
287
302
298
304
305
274
356
304
286
301
280
310
284
317
270
346
289
279
314
302
283
306
285
294
308
296
314
297
309
283
296
318
300
300
296
277
320
301
321
278
281
289
306
311
273
324
320
237
373
277
289
277
331
280
304
307
292
276
329
288
296
291
302
269
320
292
265
374
272
312
290
290
314
321
298
293
284
310
300
298
307
299
300
300
300
303
307
289
301
312
267
352
321
278
280
306
286
302
330
296
295
289
293
334
321
317
306
266
292
303
315
295
310
280
304
318
316
296
274
314
294
308
301
293
304
284
301
318
294
312
240
364
268
346
272
331
284
280
306
334
307
287
294
299
321
271
303
346
302
340
299
274
296
294
273
339
267
301
290
288
328
318
334
303
297
292
289
277
302
275
311
291
331
238
370
324
229
401
236
278
300
291
329
260
331
392
212
351
281
322
155
373
307
277
307
302
300
287
357
293
258
309
351
253
279
296
323
317
237
314
291
269
291
285
346
281
336
303
290
318
235
303
356
234
329
298
324
251
313
284
321
346
272
360
292
265
349
262
315
290
364
320
314
279
272
313
360
389
260
269
292
368
285
327
238
299
333
243
357
349
219
329
274
338
334
285
267
279
341
309
238
285
324
401
256
287
330
293
311
262
285
296
324
299
257
316
290
255
342
317
290
327
270
285
301
297
290
301
269
339
285
281
331
293
327
270
300
309
301
299
290
303
312
300
294
291
313
314
299
303
299
292
305
291
315
303
298
288
316
318
299
294
297
302
302
301
303
304
299
300
303
296
309
301
298
293
296
304
310
297
296
301
304
302
302
301
303
296
304
321
298
295
299
313
293
300
307
302
299
300
301
298
301
307
306
295
304
294
305
301
295
300
302
297
311
307
296
304
295
303
303
302
295
304
304
297
308
309
299
295
302
305
307
295
305
300
301
300
301
300
303
306
299
300
300
296
306
308
296
299
299
300
301
306
304
301
297
304
303
297
306
304
297
299
305
303
299
302
298
303
303
302
300
301
303
302
305
297
301
306
303
299
296
307
304
300
299
302
301
303
293
310
309
297
299
300
302
302
302
303
301
302
301
302
302
302
302
301
302
300
300
303
300
298
305
303
298
301
304
301
300
301
302
298
305
306
299
304
303
298
300
306
300
300
301
300
303
301
301
290
312
306
300
299
300
303
302
303
302
302
302
302
303
300
302
303
303
302
301
301
302
304
299
303
295
306
301
303
295
294
297
328
305
286
301
295
283
318
309
314
296
291
328
322
271
311
325
309
255
327
301
291
296
283
318
313
315
210
376
311
304
293
303
285
301
274
300
345
332
348
214
353
275
300
335
325
296
353
226
316
341
295
276
346
308
208
365
384
250
395
229
264
365
300
317
280
335
308
275
354
182
295
355
305
297
308
315
319
247
285
299
244
318
362
208
267
379
306
276
255
299
427
229
294
289
323
365
185
341
269
294
271
344
287
327
372
262
203
316
424
275
262
320
338
282
302
281
326
360
216
288
384
138
330
385
243
283
290
269
328
286
257
294
398
249
255
320
298
306
326
215
365
252
320
265
317
338
296
337
302
305
260
323
354
341
282
254
325
353
244
341
294
230
338
321
280
362
281
276
296
315
327
287
265
337
222
399
252
327
298
292
356
255
248
342
240
418
227
319
261
332
288
222
348
263
348
283
318
213
331
328
250
304
280
319
290
332
270
304
319
281
291
326
302
310
257
314
279
372
277
270
315
297
333
278
302
296
335
277
270
343
288
351
273
280
290
302
324
282
289
306
315
293
315
283
322
298
286
286
305
298
282
303
302
289
302
296
258
334
302
256
338
269
313
346
277
317
295
297
289
321
300
289
300
314
297
295
325
301
288
305
305
301
308
306
305
304
292
297
337
295
299
305
298
299
302
312
295
317
295
302
310
299
296
298
305
302
302
301
303
302
297
305
305
305
296
307
301
300
305
281
348
285
302
297
292
285
311
317
257
351
281
300
280
296
297
324
295
294
301
296
308
300
299
339
297
301
301
274
300
285
307
289
294
303
299
298
307
316
291
346
301
300
346
281
314
319
287
308
298
282
310
289
314
267
342
286
293
326
332
287
287
295
291
292
317
291
303
294
291
311
280
379
277
292
305
283
311
293
304
297
305
306
299
302
302
301
303
301
297
306
291
323
299
300
295
290
310
304
290
305
301
303
305
293
302
294
325
296
294
297
298
329
284
298
301
302
299
301
298
305
304
304
301
298
300
311
297
311
294
300
306
306
296
307
292
304
297
314
308
289
309
302
299
302
301
297
307
301
289
261
331
337
277
304
332
283
291
306
298
294
305
312
292
302
324
346
309
303
286
293
293
282
320
314
286
325
281
361
283
326
273
298
288
337
256
310
307
292
252
380
327
314
268
273
347
288
310
283
289
287
300
292
287
390
303
307
278
279
290
303
305
293
283
298
350
297
363
254
344
269
306
300
338
293
283
324
261
327
297
310
346
183
390
244
325
287
297
303
303
368
331
308
233
368
288
332
307
226
379
308
265
283
304
288
306
314
248
296
314
328
358
271
283
293
311
295
305
321
277
319
289
289
292
338
275
292
352
306
288
296
282
301
301
300
304
303
300
297
307
302
332
301
300
269
322
307
294
300
303
303
302
302
302
302
301
302
302
302
302
301
303
301
301
302
300
303
304
299
304
302
297
300
302
301
299
302
303
302
301
301
302
302
301
302
301
302
302
301
300
302
304
300
300
302
300
301
300
303
302
304
299
302
302
302
302
301
300
301
301
302
300
300
305
305
299
299
301
301
302
302
301
304
303
298
306
299
303
303
302
303
302
300
302
303
303
302
301
302
302
299
302
302
302
302
303
300
302
302
302
303
300
294
302
306
302
301
301
300
300
302
302
303
303
302
299
297
305
305
302
304
302
302
297
302
304
300
301
303
305
297
303
301
301
306
312
296
297
298
304
303
302
299
295
305
303
300
301
308
294
303
307
301
299
303
305
293
302
302
295
307
300
301
308
295
296
314
298
292
304
305
291
308
288
306
304
287
289
320
310
288
306
281
290
308
308
295
288
312
292
294
286
284
339
342
257
285
321
368
234
297
342
320
304
291
309
253
320
367
305
280
318
211
327
376
252
333
328
355
298
261
336
331
282
386
257
321
248
338
285
383
315
270
311
350
297
273
264
281
366
315
270
322
295
335
228
270
269
422
211
327
231
344
306
322
330
195
368
367
266
240
343
359
256
318
386
182
396
309
339
301
256
232
279
369
299
284
256
412
291
261
324
268
299
285
357
348
205
375
262
276
284
173
408
252
316
326
295
264
227
401
263
335
336
274
342
247
385
292
292
215
365
319
281
259
384
220
334
282
378
245
281
315
246
382
281
298
329
290
300
298
293
301
286
291
273
459
353
226
285
310
320
276
300
334
294
294
256
352
347
197
411
313
284
323
263
365
272
314
295
329
206
337
338
353
236
282
343
308
255
338
260
324
288
326
284
297
360
243
307
266
286
302
296
319
246
291
276
341
298
313
302
279
308
348
269
292
306
328
293
302
280
307
250
345
296
318
264
322
250
314
325
318
294
334
233
372
270
276
311
251
291
319
288
311
289
314
313
300
296
293
288
324
281
281
321
288
290
295
282
304
321
274
331
290
296
306
287
307
308
297
329
293
298
299
304
299
299
300
309
303
301
294
307
298
303
301
301
304
300
301
303
301
301
307
297
298
300
305
305
292
296
310
289
304
300
296
305
304
301
298
303
301
304
297
309
309
291
296
306
304
288
296
342
288
295
307
292
304
301
301
296
298
307
315
283
297
284
311
335
292
285
307
300
295
286
274
346
300
279
285
365
276
301
297
301
296
294
295
326
311
328
270
304
294
306
296
300
313
286
297
298
338
296
296
280
301
354
271
302
305
310
304
294
301
312
289
303
305
336
318
297
293
274
349
293
297
299
288
311
327
290
319
325
290
290
284
310
277
381
279
273
306
327
260
298
293
310
317
263
335
272
306
306
311
265
293
319
275
324
297
256
339
311
285
275
330
281
316
300
302
274
354
298
275
331
276
337
315
280
270
265
344
329
299
281
290
319
301
303
279
309
342
230
336
267
325
305
332
304
271
318
289
285
383
241
338
187
336
332
305
298
272
353
210
419
425
244
326
279
293
326
289
277
284
306
243
401
316
243
323
325
335
268
288
284
313
307
269
324
337
309
336
258
338
289
299
279
336
315
296
297
217
353
305
194
355
354
270
303
316
259
400
276
279
290
296
302
302
286
302
324
344
273
271
289
291
328
310
290
282
296
324
270
338
311
275
344
291
344
272
278
301
298
303
308
271
270
349
347
285
272
299
341
280
292
301
304
304
303
303
302
302
301
300
303
312
298
298
295
303
306
302
300
299
301
302
305
297
303
300
307
302
302
301
297
301
308
302
300
301
301
302
302
301
301
302
302
302
301
302
302
301
303
298
303
304
304
301
300
300
302
303
303
300
300
302
302
302
301
302
301
301
301
302
299
301
307
302
300
301
305
300
300
302
302
303
300
300
303
302
302
299
301
305
304
298
301
303
301
301
305
298
302
301
301
301
302
303
302
302
301
301
303
302
303
301
301
302
301
301
301
302
301
300
302
302
301
302
301
303
299
301
297
304
308
300
300
302
300
303
301
302
302
301
300
301
303
301
301
302
301
302
302
303
300
301
301
302
301
300
302
301
302
303
303
302
299
300
303
302
302
301
301
301
302
301
301
302
302
302
301
302
301
302
301
302
301
302
301
301
302
301
302
303
300
299
304
303
300
306
306
300
303
298
301
305
297
300
307
304
300
299
304
298
299
302
313
300
298
304
301
300
305
301
301
302
302
303
301
301
300
298
307
303
295
307
292
307
306
282
315
303
295
315
324
311
285
283
311
307
304
294
290
274
312
321
294
291
297
273
335
324
285
297
298
315
260
315
323
281
310
318
309
319
272
313
295
293
350
317
326
273
264
348
313
282
294
324
288
278
337
297
276
340
332
245
333
274
295
288
304
318
303
272
343
329
249
326
293
308
306
282
295
298
277
326
356
357
188
317
317
283
319
304
315
263
352
228
369
315
267
289
313
279
364
275
206
351
310
245
309
319
364
241
297
295
338
278
287
356
291
272
330
369
292
248
336
240
290
307
249
324
337
211
313
302
328
253
318
293
248
355
410
264
221
257
331
355
319
315
202
326
255
311
373
199
323
279
367
337
327
219
325
312
305
306
261
336
370
264
330
321
279
302
292
224
299
304
352
281
281
292
341
298
367
312
337
310
277
181
313
347
361
288
230
274
240
361
325
319
392
106
412
310
233
326
291
280
165
459
215
242
335
262
337
276
159
472
209
296
360
260
246
391
325
283
280
462
218
323
307
172
491
248
250
318
259
304
320
256
303
303
339
323
271
372
235
261
349
322
269
368
221
350
323
327
237
292
307
237
434
235
236
339
346
267
298
304
268
360
279
300
325
292
248
357
283
296
306
222
430
285
258
348
305
281
288
341
296
291
275
318
298
282
271
321
339
270
315
309
318
304
264
355
247
292
322
237
363
297
270
289
311
273
347
287
314
283
264
376
282
238
389
281
274
288
318
298
305
291
293
281
314
271
321
367
286
290
288
307
290
302
318
277
316
353
262
329
289
285
327
246
274
376
311
281
290
289
346
294
273
321
282
315
312
275
317
300
303
307
270
294
308
305
302
290
317
289
324
301
293
319
301
295
312
292
299
292
305
299
304
306
288
316
301
270
311
303
292
299
300
302
296
300
284
306
300
297
271
324
284
325
278
305
296
323
305
300
329
280
331
336
306
272
336
319
267
345
301
308
271
312
264
322
321
289
230
434
252
377
269
257
353
276
303
319
277
308
310
257
362
349
271
295
294
299
294
318
321
305
254
315
301
324
280
282
336
268
314
299
323
313
281
305
309
289
306
281
302
303
308
311
325
297
297
303
286
342
255
358
291
304
295
302
298
308
242
384
286
266
385
269
292
287
340
296
282
292
320
295
251
329
342
298
277
309
297
303
292
316
287
267
322
314
288
295
295
356
349
277
298
285
273
338
273
277
295
357
211
343
390
244
277
320
327
299
282
278
313
304
291
258
356
310
318
361
200
340
272
322
343
294
297
255
292
352
297
298
299
311
332
241
307
319
299
308
306
330
286
303
296
256
347
322
194
331
334
274
300
304
332
284
284
306
298
277
334
277
321
261
332
279
294
300
315
304
276
318
306
282
291
310
314
345
279
272
324
282
267
348
333
275
288
299
322
303
319
263
293
327
309
301
298
280
317
298
300
307
291
286
303
306
305
298
302
299
301
303
300
299
301
302
301
302
302
303
304
303
304
303
303
301
302
300
297
303
302
303
301
301
302
302
301
302
303
302
302
302
302
302
301
302
302
301
301
301
301
302
298
301
303
302
301
301
301
302
302
302
303
301
301
302
300
302
302
301
301
302
302
301
302
302
302
302
301
301
302
301
301
303
302
301
301
303
302
299
301
303
302
303
303
301
300
303
303
302
301
301
302
302
300
304
302
301
301
300
301
303
301
302
301
302
302
301
302
301
301
302
299
303
302
302
302
300
301
302
301
301
302
303
301
301
301
301
302
301
302
302
301
302
302
301
302
301
302
302
302
301
302
302
301
302
302
302
301
302
301
301
302
302
302
302
302
302
301
302
302
302
303
300
301
301
301
304
301
301
302
301
301
301
301
299
302
307
300
298
296
302
297
302
304
286
321
300
294
263
327
269
335
231
334
312
334
240
353
273
312
343
343
254
340
148
383
391
284
285
205
377
337
326
218
329
297
359
282
337
231
335
280
353
174
374
331
359
276
146
350
396
178
320
242
278
341
302
229
250
343
297
300
365
314
220
360
258
336
237
293
353
230
371
248
306
359
245
257
339
258
300
297
282
362
239
317
347
163
359
447
263
260
216
412
266
319
155
412
317
240
321
391
281
277
376
280
264
361
312
240
296
357
293
352
313
166
415
403
189
291
317
260
327
316
262
288
380
269
298
149
422
290
274
247
350
400
228
290
265
338
370
224
322
395
316
267
321
225
296
315
320
317
292
295
277
293
303
294
420
320
180
355
310
353
272
320
212
344
260
354
272
281
284
450
166
393
196
446
196
355
314
284
279
290
351
316
291
314
277
367
338
258
305
296
311
363
262
279
347
316
273
311
289
288
308
274
314
345
290
249
352
255
319
291
264
354
284
268
366
283
296
281
338
277
261
302
358
262
313
302
246
403
266
279
295
245
394
305
253
356
259
330
285
318
275
322
282
321
305
270
295
306
333
313
256
320
349
290
281
300
293
330
281
296
288
300
314
303
291
293
291
312
286
305
267
369
280
293
303
301
288
316
303
299
289
255
351
268
303
299
292
309
297
321
284
286
300
294
305
298
304
299
287
332
292
294
369
283
288
283
319
287
292
300
304
290
289
347
298
304
285
323
314
288
294
291
311
296
275
346
296
287
315
298
299
301
311
297
303
310
263
394
287
290
300
300
301
303
298
306
278
321
266
360
318
273
309
315
297
297
301
304
297
303
288
312
301
304
292
329
301
297
312
281
330
288
345
317
294
297
285
307
316
283
290
330
302
293
284
320
262
370
271
318
317
278
295
289
312
290
317
288
342
261
268
278
325
274
342
277
321
305
296
297
304
287
324
338
293
271
296
290
352
277
284
297
313
315
275
312
290
266
322
299
316
263
335
326
284
305
267
335
289
281
322
258
302
345
263
302
294
266
331
315
272
310
284
308
300
299
308
288
292
259
398
276
288
312
306
229
359
283
282
299
381
280
233
302
326
285
266
351
312
271
307
285
342
365
228
327
332
270
308
348
264
391
247
321
344
241
299
327
306
338
363
260
254
294
361
269
359
259
292
283
231
356
298
253
352
236
311
371
267
281
294
301
298
268
299
341
244
356
309
307
342
250
274
376
218
337
315
267
287
293
215
348
354
313
300
259
318
339
300
280
281
337
332
281
306
320
259
307
287
351
281
319
266
279
329
309
307
272
277
307
366
277
297
278
323
294
289
271
315
307
296
336
278
296
320
335
257
294
283
334
320
286
282
300
301
315
287
303
336
288
284
275
338
310
291
295
299
302
302
303
302
302
302
302
302
302
303
302
301
302
302
302
302
300
302
306
302
301
301
301
301
302
302
301
301
302
302
302
301
308
302
299
297
302
308
300
299
300
301
302
302
302
302
302
301
301
299
305
304
303
298
299
304
304
300
301
302
301
301
301
301
301
302
302
301
302
302
303
298
303
297
301
307
299
301
302
300
301
302
303
299
301
303
302
303
301
301
302
301
302
301
301
304
299
304
303
298
301
303
302
302
301
301
300
302
306
301
300
302
300
302
302
302
302
300
301
302
302
300
303
303
302
301
300
301
303
301
302
303
300
301
302
302
300
302
290
306
320
301
297
285
267
349
319
272
327
300
318
326
281
228
342
317
315
283
223
414
357
244
363
188
324
458
261
234
316
402
174
313
224
415
341
251
282
329
407
150
370
330
271
281
358
272
235
410
230
181
453
298
249
261
237
326
282
210
299
389
308
288
308
323
259
275
336
255
323
301
300
323
323
220
316
320
290
300
319
241
236
408
284
256
303
365
311
253
364
287
277
351
373
284
210
328
221
371
341
270
360
179
348
357
331
205
355
320
270
269
233
440
283
270
248
422
279
249
311
323
186
392
271
255
346
352
258
238
350
303
297
396
234
377
249
385
262
253
362
215
290
278
377
234
345
318
297
278
325
254
293
368
264
384
257
272
318
208
462
290
239
278
323
275
309
290
242
346
318
300
135
433
264
382
201
275
356
288
254
311
367
194
352
357
339
261
288
394
239
283
317
318
253
362
232
413
289
231
315
361
308
316
258
302
286
342
289
284
299
275
345
300
282
307
307
272
356
286
264
368
273
315
299
291
295
296
321
294
295
283
323
290
344
285
270
297
352
304
270
299
290
295
382
273
292
295
297
307
296
304
292
305
296
306
321
286
292
289
307
307
304
291
294
300
301
304
301
302
301
302
289
287
356
286
285
288
319
291
293
303
289
309
300
276
304
353
280
285
328
274
321
298
287
295
290
292
326
308
289
284
335
294
296
300
305
293
290
356
294
258
338
324
282
279
256
346
269
301
291
304
296
289
311
275
391
279
263
325
293
304
347
285
294
275
326
279
305
328
260
335
271
287
321
289
290
305
312
299
302
295
300
288
315
283
261
367
293
273
301
301
280
302
297
277
303
280
334
268
355
281
296
324
300
302
291
306
287
284
297
265
355
285
286
300
302
270
288
297
323
301
328
241
300
397
261
316
265
237
446
235
273
298
326
344
308
273
262
308
334
288
276
342
277
291
272
285
365
321
292
323
297
292
366
283
329
255
323
237
338
309
271
351
310
344
269
315
289
292
296
302
310
286
343
225
378
318
256
325
283
321
297
294
297
300
285
299
310
275
271
379
276
282
302
300
278
326
303
276
312
319
302
289
287
324
374
270
290
337
264
294
321
289
267
330
310
274
324
313
333
315
290
357
234
309
296
291
315
298
270
347
290
249
376
343
289
256
309
333
301
293
287
260
332
324
312
287
230
269
346
322
277
338
313
276
283
318
310
301
315
307
279
323
325
271
338
249
300
307
220
342
366
266
270
284
341
257
330
315
307
218
374
312
281
275
288
319
305
295
283
297
305
321
320
285
295
312
312
289
292
299
296
287
318
310
303
295
297
309
308
310
293
293
302
303
303
299
303
302
302
302
302
302
297
303
306
304
301
299
302
301
301
302
302
300
301
302
301
301
301
302
303
301
302
302
302
301
302
302
302
300
302
304
300
301
301
300
304
303
301
301
302
300
302
302
302
301
302
301
302
301
302
300
306
302
300
301
301
301
303
301
302
301
302
302
301
304
300
300
303
304
304
298
301
303
301
303
301
300
302
302
302
301
301
302
303
298
304
302
303
303
299
299
302
305
305
305
301
300
302
299
302
302
302
302
302
303
299
300
304
300
300
299
300
305
303
298
303
299
301
303
302
302
301
299
301
302
304
296
298
304
295
299
303
314
301
302
315
287
315
302
306
302
299
272
310
320
278
290
317
298
282
343
277
293
348
284
251
275
334
320
248
295
337
241
318
332
241
397
241
333
297
221
342
309
320
249
324
327
241
341
376
335
287
246
248
362
327
262
313
273
288
370
250
361
324
302
286
278
243
321
340
371
284
180
412
214
276
381
302
264
229
317
365
342
184
316
354
294
272
388
268
279
256
308
305
266
334
285
257
371
270
313
275
294
392
328
260
272
372
305
264
384
262
266
353
294
272
305
290
299
304
329
284
319
322
282
314
295
301
367
247
302
380
280
234
384
242
341
356
188
337
356
212
360
383
215
304
266
282
398
217
424
300
270
327
297
325
243
334
332
244
257
428
277
309
152
437
329
252
355
304
318
305
195
346
291
313
275
440
260
223
360
250
406
208
180
397
286
163
369
321
179
428
238
220
321
379
287
307
231
368
375
263
278
273
307
249
405
145
405
264
279
323
268
298
334
273
295
219
399
225
306
344
312
266
303
285
281
430
267
257
261
306
332
299
284
272
372
271
298
258
334
343
329
254
282
294
283
341
273
330
268
304
310
252
385
271
268
324
328
258
313
311
280
301
330
303
321
269
239
380
303
315
287
281
305
286
321
287
323
287
372
270
310
252
386
250
297
341
298
289
292
319
303
310
289
267
346
198
430
302
233
308
315
273
301
296
330
292
248
360
353
270
265
343
353
273
286
310
286
314
317
293
282
277
275
414
274
250
361
254
318
271
308
318
288
295
298
296
285
306
294
271
348
323
249
382
262
319
305
299
283
301
343
278
277
319
290
322
316
288
294
292
273
335
292
287
275
309
311
269
288
305
313
299
291
299
322
311
242
372
304
280
296
297
292
326
295
289
285
304
317
320
311
289
278
279
370
281
285
331
269
327
287
376
243
371
202
397
316
260
257
343
297
287
271
331
299
262
390
253
258
427
249
293
287
295
359
277
277
324
297
299
352
292
300
301
292
240
405
262
310
294
320
282
327
284
286
232
378
353
252
284
326
307
295
299
279
313
309
300
282
310
219
387
287
268
351
340
256
272
296
296
335
357
245
267
287
354
287
306
337
264
279
359
295
294
300
265
301
308
302
277
273
326
310
292
270
294
310
324
303
299
281
258
248
370
413
257
303
266
324
328
274
304
298
304
226
363
378
257
276
300
313
274
322
317
289
299
299
304
301
324
288
283
307
312
321
290
288
298
304
304
302
302
301
302
300
301
302
302
302
302
303
303
302
305
301
301
301
302
306
297
301
302
302
302
301
301
302
302
302
302
301
302
302
302
302
302
302
301
302
301
302
302
302
301
301
302
301
302
301
302
302
302
301
301
301
302
302
301
301
301
302
302
301
302
302
302
301
302
302
301
302
301
301
302
302
302
301
302
302
302
301
302
302
302
301
301
301
302
302
301
302
302
302
301
301
301
301
302
301
302
301
301
301
302
302
301
301
302
301
302
301
302
301
302
302
302
302
301
302
302
302
301
302
301
301
302
301
302
301
302
302
301
302
301
301
302
301
301
301
301
301
302
301
301
301