210
225
244
264
284
300
313
318
306
273
233
200
177
268
321
334
96
482
207
291
285
288
255
297
423
289
315
376
269
255
342
483
297
242
251
281
335
245
332
426
221
325
334
291
265
323
327
351
261
253
332
316
315
249
269
398
291
248
307
323
320
336
339
329
358
262
262
303
292
292
351
289
271
321
346
213
344
295
285
299
298
297
344
333
253
312
303
289
312
291
299
306
363
291
275
304
284
331
291
267
269
364
344
268
266
298
292
305
344
333
276
297
292
303
278
316
281
279
399
310
243
334
305
283
308
290
311
334
227
382
300
269
314
265
321
348
269
285
313
310
338
281
293
321
304
290
274
326
370
266
230
357
315
284
293
289
293
315
315
308
311
332
363
211
360
282
361
287
267
290
331
315
283
337
272
320
263
322
321
302
323
281
301
279
319
281
300
318
268
374
307
277
303
281
327
303
292
275
334
321
285
294
299
302
300
319
323
297
294
292
312
299
298
292
294
290
323
288
300
291
288
286
306
388
264
298
293
310
290
293
311
300
299
254
375
285
341
268
305
281
324
277
315
301
299
293
293
326
305
291
290
426
251
274
314
292
296
278
331
281
348
289
272
319
267
340
300
289
287
298
304
312
283
290
316
320
294
284
327
318
245
337
299
282
310
294
294
322
287
301
294
303
305
314
285
308
296
307
302
286
302
355
300
285
296
299
280
341
293
291
304
318
293
303
307
299
299
298
310
294
329
270
355
305
280
294
300
294
322
299
297
301
315
298
317
292
298
299
324
285
325
314
286
276
325
301
288
308
299
296
322
288
286
329
303
314
300
282
287
336
299
290
295
300
295
324
296
302
336
266
304
338
288
289
308
304
300
294
305
321
311
287
297
315
304
307
292
303
306
300
301
300
296
291
323
318
289
305
317
271
331
282
310
260
317
333
289
284
290
319
313
296
312
284
314
308
268
326
297
296
297
297
280
319
255
334
329
242
353
312
294
276
298
343
282
322
304
286
228
366
337
272
307
310
304
294
313
311
292
292
294
319
298
286
298
338
316
356
267
273
289
313
315
305
299
323
302
293
303
318
255
316
343
299
287
244
342
281
295
334
260
346
334
273
280
335
311
299
287
306
292
299
291
326
330
259
269
339
366
295
308
268
333
330
279
301
300
275
264
367
323
306
226
336
310
277
274
304
325
291
305
278
310
306
292
305
327
324
289
277
281
350
272
295
298
338
248
356
297
268
316
343
277
315
319
292
275
321
248
345
305
356
287
286
272
338
328
266
279
367
284
313
282
286
301
256
366
289
329
284
260
341
307
318
291
316
329
308
314
293
293
270
317
309
298
262
340
292
309
276
323
299
297
293
298
311
304
295
309
337
280
297
303
297
313
301
298
299
300
302
302
301
301
304
302
301
304
296
303
310
301
304
301
298
301
300
301
301
303
297
302
308
302
300
302
303
300
301
303
299
300
298
306
302
301
301
302
302
301
303
301
301
301
301
302
302
303
301
302
301
302
301
301
302
301
302
302
301
301
300
301
303
302
302
302
302
301
301
300
301
301
301
302
302
302
301
303
301
301
302
301
303
302
301
301
301
302
301
302
302
301
302
301
302
302
301
302
300
301
302
302
301
301
302
301
302
302
301
301
302
302
302
301
302
302
302
301
301
301
301
302
299
302
302
302
301
301
302
303
301
302
301
302
302
301
301
302
301
303
303
299
299
302
302
302
303
302
300
301
302
301
302
301
299
300
303
303
303
299
299
302
302
301
301
302
302
302
303
300
305
302
292
303
304
302
302
297
303
307
302
298
302
304
302
301
301
306
299
301
307
301
303
298
305
299
303
305
300
299
300
297
305
305
308
311
296
301
298
301
304
302
298
300
303
303
302
301
303
300
300
303
302
301
302
301
301
302
302
301
301
301
301
302
302
302
301
301
302
302
301
302
302
302
301
302
302
301
302
302
302
302
302
301
302
302
302
302
301
301
301
302
302
302
302
301
301
302
302
302
302
302
301
302
300
302
301
302
302
302
302
302
301
302
302
302
302
302
302
302
302
301
302
302
302
302
301
302
302
301
302
301
302
302
302
302
302
301
302
301
302
302
302
302
301
301
301
301
302
301
302
301
301
303
301
302
302
302
301
302
303
301
302
301
301
301
302
301
301
301
303
302
301
302
302
303
302
301
300
300
301
303
302
302
302
301
302
302
303
304
302
297
298
304
302
304
303
302
302
301
301
301
302
302
302
301
297
306
302
301
297
303
303
302
301
301
300
303
302
301
301
302
303
300
301
302
302
301
298
301
305
304
300
301
301
303
302
300
303
301
301
302
302
303
301
301
300
299
307
305
300
299
301
298
312
299
296
297
307
301
299
302
307
301
302
302
303
304
298
302
306
303
299
301
299
302
302
300
300
303
306
303
296
307
299
305
294
295
297
307
311
298
277
328
295
294
276
317
307
304
282
316
309
297
300
265
331
307
307
310
290
266
317
296
345
292
365
278
265
352
321
313
214
372
326
251
291
293
363
240
348
359
295
252
337
280
403
270
282
293
306
349
327
260
341
291
267
396
227
305
322
271
317
358
325
175
333
307
422
354
234
192
356
355
318
230
366
295
290
331
350
215
242
405
294
256
312
261
297
387
174
431
285
205
346
355
317
284
272
235
348
305
282
366
307
357
225
290
181
423
321
264
123
346
392
292
241
303
268
348
358
291
253
312
278
305
324
381
206
330
223
477
297
190
327
318
266
396
245
359
278
250
331
407
267
253
281
224
374
296
323
166
389
283
294
270
292
402
283
286
254
291
343
274
315
273
394
289
245
288
316
332
258
358
263
338
305
296
260
235
427
274
286
310
319
261
295
382
297
229
350
269
235
351
281
360
347
288
287
275
285
388
256
288
272
295
344
298
281
323
313
315
268
266
311
357
300
277
284
393
285
269
328
304
282
282
312
330
283
303
322
279
314
285
316
298
294
300
300
301
301
305
298
292
294
293
325
369
271
295
275
312
312
297
300
280
314
277
342
290
316
262
324
301
272
311
302
305
293
295
304
305
312
293
328
288
253
339
289
336
304
278
308
285
334
301
287
305
296
292
304
308
328
300
312
287
298
301
302
309
292
332
298
296
310
285
342
275
321
314
290
293
300
297
309
288
322
282
320
317
277
303
275
337
306
299
296
294
305
298
306
314
300
303
277
341
294
300
294
302
322
309
296
294
300
299
295
310
296
304
300
275
318
339
284
300
275
339
293
294
294
301
304
312
266
293
353
299
238
373
252
333
296
261
293
305
302
305
274
308
350
226
314
341
278
294
287
297
293
311
316
303
280
322
286
322
304
261
335
278
290
356
282
291
291
316
315
279
297
339
300
285
258
334
316
293
259
325
284
291
317
306
300
270
283
340
276
319
242
315
324
307
284
335
301
286
299
308
279
299
384
276
302
224
360
340
265
285
291
320
282
295
357
295
278
279
306
354
291
297
259
337
312
269
315
302
306
290
296
331
299
282
266
313
304
320
313
280
280
282
329
316
305
285
318
291
294
298
296
312
288
313
327
218
347
305
339
307
254
301
297
291
313
322
277
282
285
331
293
309
284
294
322
289
284
297
300
307
274
312
319
335
272
298
353
312
270
280
289
297
325
300
299
248
362
271
329
306
268
254
328
337
281
295
284
314
288
294
370
321
303
291
267
349
295
283
258
312
341
257
305
358
258
325
313
237
292
340
305
298
282
313
280
349
294
313
255
354
292
287
269
344
310
292
249
335
336
308
317
311
296
256
325
309
273
308
317
311
188
386
280
381
320
255
241
339
232
323
336
250
307
279
365
323
338
286
269
268
377
280
264
304
279
319
267
390
307
269
382
286
266
326
322
259
267
350
313
303
254
301
319
218
402
296
268
296
300
295
254
385
309
273
321
311
284
276
327
289
315
328
291
297
277
315
306
318
295
292
298
313
296
298
319
315
293
294
301
300
302
302
302
303
303
300
302
304
301
302
302
302
300
302
302
301
301
301
301
302
302
301
302
302
302
302
302
301
299
304
303
302
303
301
301
301
302
302
301
302
302
301
301
301
302
302
302
301
302
302
302
301
301
302
301
301
301
301
302
300
302
302
301
302
302
302
302
302
301
301
302
301
302
302
301
302
301
301
302
302
301
301
302
301
302
301
301
302
302
302
301
301
303
302
301
302
302
302
301
301
302
302
302
302
302
301
302
301
302
301
302
302
301
301
302
302
301
302
301
301
302
302
302
301
302
301
302
302
301
301
302
302
301
301
302
302
302
301
301
302
301
302
302
301
301
302
301
302
302
301
302
302
301
301
302
302
301
301
301
301
302
301
302
301
302
302
301
301
302
302
301
302
302
301
302
302
300
303
303
300
302
301
302
302
302
302
305
301
297
302
302
303
301
302
302
303
301
301
301
304
302
299
300
304
302
302
302
302
302
299
298
305
302
302
302
302
302
302
303
302
302
301
301
302
302
302
301
302
302
302
302
301
301
302
302
301
301
301
303
302
301
302
301
301
302
301
302
301
301
302
302
302
302
302
300
301
302
302
302
302
303
301
301
302
302
302
302
302
300
303
304
298
299
303
302
303
303
300
301
301
302
302
302
302
302
302
303
302
301
300
303
303
301
302
302
301
302
302
302
301
300
302
302
300
299
305
301
301
301
302
303
302
302
301
305
302
300
299
301
300
301
304
302
302
301
301
300
303
304
302
301
304
300
300
298
305
305
299
305
298
302
301
304
303
302
291
309
284
335
310
298
300
294
309
303
309
277
320
300
261
338
297
297
349
289
293
268
286
363
298
282
262
352
294
277
260
333
315
297
236
348
284
255
341
266
376
276
367
313
216
273
305
337
341
311
270
273
263
359
292
356
285
241
321
337
328
289
277
338
189
313
336
358
219
285
376
300
258
302
344
272
218
348
327
278
338
284
261
378
249
284
327
318
324
347
255
244
354
362
267
328
300
313
354
358
287
242
250
246
390
363
225
235
429
302
314
256
316
317
321
233
329
253
351
303
275
321
320
275
350
259
196
426
327
224
332
261
340
364
236
314
294
306
324
279
316
214
434
327
265
280
361
240
344
279
314
289
284
308
281
332
294
355
246
304
353
286
270
250
347
313
259
249
297
397
285
285
268
333
309
280
279
344
312
213
339
331
299
369
253
304
306
312
284
290
296
292
317
341
290
241
329
308
271
344
280
284
298
332
314
306
274
301
308
309
277
268
347
312
263
314
293
308
281
318
326
298
266
325
286
283
268
339
354
275
278
321
315
307
294
296
306
296
302
308
295
280
372
284
312
306
303
285
305
306
300
301
299
308
299
297
307
322
289
303
321
310
306
294
290
305
302
312
285
302
308
302
305
287
326
306
290
273
329
317
292
289
301
299
304
300
291
288
325
312
332
346
261
280
348
288
297
266
275
327
340
253
290
292
292
305
303
304
302
306
297
300
303
297
300
310
300
251
345
276
355
268
305
297
300
302
301
300
303
301
300
299
274
357
298
289
305
297
300
312
296
301
301
302
300
295
311
304
290
324
288
301
300
300
302
303
295
305
308
278
314
313
309
293
294
290
307
300
308
305
296
298
314
300
299
297
302
297
292
274
353
268
319
294
261
323
304
319
301
282
317
279
293
333
305
320
279
295
343
249
334
316
293
301
304
279
311
277
352
331
281
327
246
326
333
275
277
299
330
319
274
310
316
300
282
339
264
305
362
253
302
304
298
280
319
302
292
316
333
282
280
323
316
297
293
261
339
317
307
282
301
293
357
296
285
289
280
303
341
339
262
297
315
285
313
286
337
315
280
302
311
286
318
289
306
297
306
311
284
270
342
304
297
298
306
292
317
304
293
309
297
283
280
360
324
284
285
276
303
321
299
269
331
280
370
293
266
332
313
296
296
256
285
368
288
282
265
356
282
318
277
316
315
268
315
313
302
264
298
348
268
328
240
335
301
331
291
269
277
335
278
280
383
293
323
255
257
323
313
296
244
344
324
305
279
206
366
321
270
221
404
282
281
283
317
298
311
213
367
315
245
308
343
331
292
269
304
308
318
272
300
303
274
302
343
327
203
404
249
326
258
305
288
309
304
302
295
338
289
350
220
260
364
286
294
280
301
271
338
307
287
273
306
347
313
276
252
324
318
296
257
327
292
310
292
314
336
258
314
317
317
315
286
288
308
294
316
301
290
317
289
298
279
333
305
291
308
301
280
307
315
299
302
304
296
299
299
301
305
298
309
299
301
307
304
297
300
300
303
302
301
265
336
296
297
302
304
306
301
300
300
301
301
301
303
301
301
302
301
303
301
301
302
301
301
303
302
302
301
302
302
302
301
302
302
302
302
301
302
302
302
302
302
301
302
302
302
301
301
301
302
302
301
302
301
301
302
301
302
302
302
302
302
302
302
302
301
302
302
302
301
302
302
302
301
302
301
303
302
301
302
301
301
302
302
302
302
303
302
301
301
302
302
302
301
302
301
301
302
301
302
301
301
302
302
302
302
301
302
302
301
302
301
302
302
301
302
301
302
301
301
302
302
302
301
302
301
302
302
301
302
302
301
302
302
302
301
301
302
302
303
302
302
301
302
302
302
302
302
302
301
302
302
302
302
301
302
301
301
302
301
301
301
302
300
302
301
302
302
301
303
301
302
302
302
302
302
302
301
301
302
302
301
302
302
302
300
301
302
301
302
302
301
302
302
301
302
303
302
301
301
301
302
301
303
301
300
306
301
295
303
306
300
299
308
298
297
304
303
301
303
302
304
299
296
303
304
301
303
302
294
306
304
300
304
304
295
301
303
304
304
305
293
302
302
306
300
301
297
300
302
304
300
298
303
307
304
296
298
300
305
311
296
300
292
307
311
302
301
296
286
319
325
301
296
303
295
284
328
312
292
292
303
290
339
276
309
304
297
311
312
298
286
323
296
311
306
301
297
306
352
318
297
293
289
297
358
272
314
308
289
343
281
298
247
356
300
296
358
260
260
311
302
317
298
256
377
268
310
269
302
322
319
251
295
293
417
258
223
306
358
263
343
252
313
307
310
313
323
305
413
332
220
373
273
158
418
328
321
256
280
341
372
235
317
330
279
349
212
454
359
251
195
294
360
338
368
309
224
246
254
383
351
383
269
234
288
336
315
281
292
265
341
316
295
346
324
279
262
242
341
319
315
265
282
298
333
319
326
308
252
376
244
314
313
328
343
258
192
355
295
279
403
302
236
202
391
389
279
325
294
240
264
329
353
283
249
331
349
334
211
366
363
261
261
344
235
240
391
316
203
375
275
233
376
366
245
250
328
273
360
307
240
264
403
345
238
282
330
332
329
292
301
258
282
363
351
254
259
268
404
299
249
345
296
285
337
273
336
280
286
306
292
301
307
302
250
366
290
302
311
302
293
288
317
281
321
290
304
316
290
328
285
286
308
294
319
290
262
342
304
286
261
347
297
324
297
292
300
298
323
279
307
278
341
274
296
281
313
339
283
284
293
307
314
268
326
298
304
284
293
334
318
282
275
331
302
298
281
312
299
295
310
329
283
298
292
330
323
275
309
301
294
305
299
299
301
305
301
311
283
302
299
312
298
296
331
298
287
300
304
303
314
297
290
304
322
288
306
302
308
321
291
295
300
296
313
299
307
311
297
299
278
319
300
277
304
354
290
286
297
303
298
311
292
289
315
297
303
304
308
309
293
298
298
303
304
304
298
289
311
298
323
297
294
297
301
302
302
303
295
307
315
292
300
289
320
301
292
295
317
292
300
298
328
292
289
271
339
317
286
293
288
301
326
289
292
337
297
288
297
284
303
315
280
312
308
301
267
373
276
288
285
269
338
328
283
287
294
302
329
298
293
285
293
319
292
288
267
360
293
283
315
246
368
324
290
287
295
299
328
294
281
303
321
298
309
275
336
334
290
287
295
284
304
315
300
308
271
321
320
324
288
260
301
362
280
287
296
304
285
294
331
298
238
364
307
287
316
287
282
297
303
304
289
315
267
346
314
285
297
282
319
303
301
293
315
274
303
304
295
304
330
320
252
314
356
292
269
293
295
309
333
283
283
353
297
310
255
336
319
285
272
314
315
302
296
268
335
328
307
300
268
329
298
310
279
321
317
284
292
286
305
307
341
311
260
309
314
300
300
322
316
272
261
342
299
324
359
255
302
269
283
334
345
297
287
264
298
320
287
298
325
294
200
359
358
295
296
259
358
298
295
304
267
359
299
270
295
275
428
252
294
246
330
269
302
300
267
325
333
288
305
318
328
349
271
263
297
288
321
296
296
268
376
238
321
295
329
268
291
344
326
212
325
318
248
274
336
270
324
323
286
270
339
299
286
288
273
392
297
235
350
327
309
256
361
270
346
316
275
326
302
265
310
345
326
280
300
329
303
280
295
310
332
281
254
349
308
262
324
293
308
282
302
304
309
302
322
279
307
304
315
299
301
291
310
315
295
284
309
320
294
304
304
302
299
301
302
302
303
301
292
314
317
300
281
314
308
299
299
285
332
296
295
299
301
302
302
302
301
301
301
302
301
302
302
301
302
301
301
302
302
303
301
300
302
302
300
302
303
303
303
302
300
301
301
301
302
302
302
301
301
301
302
302
302
301
301
302
301
302
301
301
301
301
302
301
302
302
302
302
301
302
301
301
302
301
302
302
302
301
302
302
302
301
301
302
301
302
302
301
302
301
301
302
301
302
303
302
302
301
302
301
302
302
302
302
302
301
302
302
302
301
301
302
301
301
301
302
301
302
301
302
302
301
301
301
301
301
301
302
301
301
302
302
301
302
302
301
301
302
301
302
302
302
301
301
302
302
301
302
302
301
302
302
301
302
302
302
301
301
302
302
302
302
301
301
301
302
302
301
301
302
302
301
302
302
301
302
301
301
302
302
301
301
301
302
302
301
301
301
301
301
302
302
301
302
302
302
301
301
301
302
302
302
302
302
301
302
301
302
301
301
301
302
302
301
302
302
302
302
301
301
302
302
301
301
302
301
302
302
301
301
301
301
301
303
302
301
302
302
301
299
303
310
300
293
300
304
303
302
301
302
302
301
303
302
296
307
305
299
302
301
301
301
301
302
303
301
302
303
300
301
305
302
300
301
301
300
302
301
303
304
300
298
303
307
303
303
300
304
294
306
305
300
301
299
301
300
303
305
295
307
305
300
294
285
316
299
293
300
311
300
287
312
301
282
320
277
324
304
292
285
274
309
314
279
299
290
298
290
300
304
303
281
306
317
264
329
264
328
321
253
325
283
262
355
298
310
192
364
341
296
266
243
304
371
321
146
351
379
314
282
264
296
327
299
288
269
262
383
224
335
310
349
251
324
267
357
345
252
257
346
304
324
222
307
388
292
218
242
332
366
313
251
197
309
374
298
193
321
365
306
272
306
296
299
312
306
299
280
329
381
326
224
268
266
350
357
281
288
343
345
333
279
313
289
237
423
275
333
294
307
278
317
386
285
342
225
389
322
343
218
352
299
257
365
271
322
332
298
225
392
352
217
188
392
290
242
379
361
238
253
348
236
348
322
287
287
306
309
381
333
251
261
286
332
294
289
271
301
345
336
225
332
302
234
386
335
274
265
271
346
269
294
321
239
320
300
312
308
352
298
255
246
341
272
355
276
332
261
307
328
293
271
305
346
281
302
343
269
339
291
280
333
300
319
252
300
294
352
295
270
294
312
248
349
360
265
269
359
293
288
319
313
265
372
285
254
317
307
276
332
250
335
304
274
307
320
284
307
318
294
294
277
346
300
299
277
247
391
293
273
296
302
310
300
303
267
322
304
290
322
298
276
324
344
278
280
296
304
299
308
303
313
303
311
296
276
317
312
298
291
295
315
295
311
290
310
300
298
303
300
301
302
306
304
302
303
294
318
315
289
298
275
356
310
283
291
306
291
307
300
302
301
297
304
289
292
405
259
319
283
322
298
290
334
294
299
290
302
284
337
296
292
295
298
295
305
306
311
313
290
299
299
300
304
302
300
304
302
295
306
308
298
300
299
302
298
316
298
304
294
306
297
312
294
310
312
318
286
308
300
299
303
295
299
299
310
295
305
306
299
306
287
315
277
321
326
281
292
292
307
308
301
289
315
321
271
318
305
298
294
286
304
307
276
318
297
297
303
324
296
288
307
303
294
327
309
292
291
304
306
292
313
301
290
296
285
330
334
282
297
304
306
304
295
312
300
292
314
308
290
320
298
290
318
323
282
297
293
313
310
264
295
364
301
302
268
332
297
308
295
305
282
302
315
277
315
315
274
347
280
285
334
307
279
294
304
305
299
298
294
304
328
335
201
350
342
280
277
283
303
299
307
309
279
302
342
277
354
289
251
332
311
308
293
276
297
242
367
332
263
240
367
325
294
310
277
297
240
350
311
308
296
286
278
298
290
402
290
256
232
291
326
350
289
290
277
328
312
319
259
287
334
288
312
287
283
308
322
258
319
349
269
312
257
300
327
263
324
342
291
277
272
357
300
302
274
294
322
292
303
344
263
304
307
264
362
291
318
295
315
288
296
306
292
319
304
356
298
308
296
288
267
345
269
345
300
289
303
296
341
280
310
283
287
329
347
268
292
324
331
300
294
304
298
313
301
290
306
314
336
257
301
306
327
300
302
293
314
291
293
303
305
285
322
315
307
319
313
308
308
246
334
301
296
281
315
309
309
300
270
306
317
323
289
294
302
301
302
304
302
295
303
304
303
303
300
305
302
302
299
303
301
301
302
301
301
302
302
302
301
301
302
302
301
302
302
302
302
300
302
306
303
292
304
298
310
303
310
304
297
299
300
304
301
301
302
301
301
301
302
302
300
301
302
302
301
303
301
302
302
302
302
302
305
302
301
301
302
301
302
301
302
303
302
301
301
302
301
301
301
302
301
302
302
301
302
301
301
301
302
301
302
301
300
301
301
302
302
302
301
301
301
302
298
304
300
311
302
312
301
298
297
298
304
303
303
300
301
301
301
303
302
301
301
300
303
303
303
301
301
299
305
302
302
302
301
301
301
301
302
301
301
303
302
302
300
301
300
298
307
302
301
300
301
302
302
302
302
302
301
302
302
301
302
301
300
306
302
301
302
301
301
303
302
300
301
301
302
299
307
307
298
294
303
303
302
294
306
307
303
306
284
331
307
294
298
310
294
302
302
299
302
308
301
295
302
302
301
300
311
302
295
313
302
295
304
296
305
307
299
287
310
304
299
301
300
304
301
301
301
302
302
302
302
302
302
302
301
301
302
302
301
301
302
302
302
302
301
302
302
302
302
302
302
302
302
302
301
302
302
302
301
302
299
305
301
300
301
301
301
303
301
300
301
300
301
303
303
299
300
304
301
302
303
301
300
293
310
304
301
298
300
302
304
302
300
305
301
297
314
292
308
298
301
300
302
299
306
299
310
297
274
328
302
319
294
293
302
301
301
298
303
307
299
307
289
319
297
289
307
301
299
306
306
295
301
298
298
315
299
293
289
316
282
308
311
285
304
324
296
286
275
340
292
274
315
304
304
298
262
369
298
286
292
305
293
308
259
337
327
283
295
247
344
313
310
327
321
298
245
325
308
314
305
263
358
312
203
353
304
283
337
320
281
335
339
254
218
417
325
296
295
284
297
272
295
380
254
380
234
162
442
281
288
283
266
335
348
237
360
278
283
268
400
265
263
293
331
269
252
405
307
262
285
379
315
253
278
301
346
274
295
284
303
329
306
281
256
413
353
279
260
308
311
271
322
249
347
304
304
366
282
226
223
386
296
290
226
364
307
300
311
327
344
254
339
315
296
295
346
263
339
271
285
210
394
299
309
320
327
307
329
277
275
372
325
278
279
318
306
301
313
280
334
290
266
293
415
293
237
312
308
230
364
394
273
262
275
296
322
287
310
312
269
303
349
286
284
285
252
393
306
292
243
368
323
300
271
295
250
340
331
215
353
280
298
343
303
287
283
298
326
291
296
291
311
310
290
293
319
296
305
298
298
301
303
301
301
303
291
313
305
290
321
288
323
294
298
298
302
303
301
301
301
301
299
299
305
303
302
301
305
300
316
299
299
302
302
301
301
300
300
302
301
301
300
301
302
303
303
302
301
301
302
302
301
302
301
301
301
302
302
300
301
301
302
301
301
301
302
301
301
302
302
302
301
302
302
302
302
301
302
301
303
301
302
301
302
301
302
302
301
302
302
301
302
301
302
302
301
302
301
302
302
302
302
302
302
301
302
301
301
301
302
302
302
301
302
302
301
301
301
301
301
302
302
302
301
302
301
302
302
301
302
301
301
301
302
301
302
301
301
302
301
302
301
301
302
301
302
303
301
302
301
301
302
302
302
301
301
302
302
302
302
302
301
302
301
302
302
301
301
301
301
301
301
301
301
301
302
302
301
302
302
303
302
301
301
302
301
302
301
302
302
302
302
302
302
301
301
303
302
301
302
302
302
302
302
300
302
303
300
300
302
302
302
303
301
301
301
301
302
303
302
300
299
302
302
300
301
302
303
301
301
301
303
302
302
301
303
301
301
302
303
302
301
302
302
301
302
301
302
302
301
301
301
302
301
302
302
302
301
302
302
301
304
302
299
302
303
303
302
298
299
301
301
289
318
311
300
295
298
299
296
308
286
291
307
305
300
299
325
314
270
307
281
324
312
283
279
297
295
336
271
324
339
300
282
280
289
324
304
295
262
371
336
256
270
311
324
316
261
265
329
336
233
318
314
294
271
304
299
338
237
397
296
305
299
227
347
371
334
275
279
303
243
300
407
301
231
311
293
372
342
262
332
320
340
264
210
352
443
211
251
286
463
260
233
226
423
404
252
223
336
376
366
232
276
333
363
264
183
302
443
261
205
279
376
272
364
230
248
301
439
282
195
342
438
243
116
447
380
185
357
315
360
206
335
328
292
212
311
424
360
219
309
287
363
331
290
299
257
372
295
252
265
408
258
315
310
373
268
230
253
290
248
433
234
261
364
263
309
337
312
267
275
301
306
311
388
302
255
364
221
365
304
274
288
292
372
285
223
341
311
260
365
288
294
316
325
265
313
347
263
246
346
349
202
352
282
372
324
225
321
290
303
318
266
343
349
305
308
269
311
283
362
290
250
276
374
267
296
325
273
312
267
344
318
276
311
272
311
327
301
277
310
332
276
307
322
295
306
287
315
299
304
307
301
302
297
302
308
302
292
311
266
325
316
292
293
297
305
296
310
291
302
307
295
308
311
272
311
326
269
294
315
300
326
293
288
291
294
305
344
295
286
285
292
333
317
291
290
294
260
353
314
277
293
330
296
290
304
263
313
323
276
327
290
296
305
292
295
295
342
304
288
296
301
300
311
310
303
294
299
306
298
301
300
306
299
303
298
285
339
285
297
319
295
298
301
303
290
314
298
296
334
285
296
317
306
306
290
287
313
300
295
304
294
304
340
294
292
302
294
302
301
300
302
297
307
303
301
302
298
302
304
300
304
293
336
300
289
287
296
336
296
294
288
300
329
292
297
291
299
331
290
283
294
348
293
287
298
290
315
302
300
301
301
303
301
305
300
300
303
315
297
302
302
300
298
303
318
283
295
303
321
291
307
293
300
294
300
308
304
290
288
333
301
274
311
323
292
299
292
300
302
296
303
329
292
285
306
308
284
306
309
289
310
306
312
295
288
324
309
272
307
314
313
275
319
292
338
299
246
351
312
282
288
301
286
327
286
295
337
249
329
318
317
284
293
294
299
301
307
272
321
355
271
280
283
322
315
290
301
284
302
323
303
284
305
305
301
271
326
356
300
274
296
280
307
303
287
335
301
284
318
285
343
248
327
312
285
285
289
320
310
303
290
282
340
303
247
347
311
286
295
288
304
310
318
279
299
313
309
295
279
349
282
314
293
283
289
320
292
337
294
317
275
241
370
338
223
428
224
328
317
271
279
275
254
331
349
355
187
374
315
257
289
325
251
341
284
278
440
243
278
269
299
336
238
361
267
258
400
283
254
281
356
294
298
299
280
321
236
335
279
321
356
308
234
335
277
304
290
329
279
313
253
374
287
255
302
330
344
327
250
274
371
326
251
310
307
283
326
313
304
312
307
285
284
319
304
295
283
327
297
294
278
317
325
292
290
306
306
303
279
319
306
298
297
298
299
300
301
303
304
303
303
304
303
303
300
305
302
298
307
313
303
293
296
305
310
297
298
301
301
301
302
302
301
302
302
302
302
302
301
300
302
302
302
301
302
302
303
302
301
301
301
301
302
300
302
302
301
302
302
301
302
302
303
300
301
302
299
302
302
302
302
302
301
302
301
301
303
301
301
302
300
302
302
301
302
300
302
301
301
302
301
301
302
301
302
302
301
302
301
302
300
301
303
302
302
300
302
302
301
300
303
302
301
302
302
301
294
308
305
302
300
300
301
302
302
302
302
302
301
302
302
302
301
302
302
302
301
302
301
301
301
301
301
302
302
301
301
301
302
301
302
301
302
301
301
301
302
302
302
301
302
302
302
301
300
302
301
302
302
302
301
301
303
301
301
301
301
299
301
303
302
302
303
301
299
303
300
303
302
305
296
305
302
301
302
303
301
301
300
302
302
303
300
302
301
303
302
300
301
303
301
301
302
301
302
301
301
301
302
303
300
302
302
302
301
301
302
301
302
301
301
301
301
302
302
303
301
302
302
301
301
301
301
301
303
301
304
302
303
298
301
300
303
303
306
303
298
301
301
297
308
302
296
302
303
295
309
310
296
299
296
302
304
302
300
301
301
302
302
301
305
303
293
304
306
301
301
301
306
297
306
305
312
300
287
303
305
318
296
307
286
301
323
318
300
294
294
250
331
286
316
262
323
287
303
322
284
299
315
300
268
298
316
319
245
324
300
386
291
239
329
282
352
249
350
238
313
287
283
360
259
240
242
437
360
79
442
374
199
264
365
214
327
272
326
277
347
316
259
279
246
296
331
243
386
212
477
349
205
293
279
350
268
322
307
217
360
264
352
222
212
375
282
364
273
177
232
419
328
130
424
327
193
366
242
368
242
383
322
224
210
433
313
289
364
366
220
389
273
171
241
444
168
385
206
303
300
402
252
338
256
354
327
215
439
308
248
353
278
250
352
391
169
248
407
208
354
147
417
368
283
213
303
234
444
378
246
182
355
147
423
322
381
239
264
278
293
351
331
351
293
206
345
274
283
336
335
290
265
258
343
301
295
302
356
269
339
275
337
292
219
418
306
276
286
263
346
315
276
309
242
411
256
322
321
207
277
455
291
223
273
451
288
196
241
328
395
193
312
312
290
336
199
358
303
235
421
249
164
424
326
227
313
289
289
352
284
297
309
363
314
270
276
274
356
288
295
347
294
300
270
374
278
280
302
272
331
318
302
281
251
357
299
270
324
297
340
289
293
264
322
292
357
296
260
323
268
358
300
277
293
291
324
320
266
343
272
335
252
311
292
292
306
302
294
300
311
275
339
312
303
288
271
331
334
279
298
290
308
301
291
291
289
322
291
291
327
236
412
263
275
278
352
279
307
311
289
310
294
297
340
270
298
312
275
291
375
274
281
296
300
287
313
317
289
292
314
300
293
302
298
314
299
307
295
289
310
313
299
268
340
291
272
311
320
310
288
305
256
327
331
297
291
290
339
276
292
284
294
364
287
282
310
342
284
284
302
313
278
313
318
335
275
291
289
333
340
269
297
285
283
317
316
307
263
320
306
300
325
257
313
344
292
284
270
310
354
279
280
298
311
304
286
313
292
299
328
300
284
327
307
244
319
336
290
306
283
250
353
321
263
288
302
357
297
287
276
299
333
286
331
321
278
255
361
302
282
287
307
344
323
317
298
264
259
331
310
345
292
262
274
258
364
330
300
270
289
291
329
329
316
304
312
311
273
271
308
310
311
288
299
280
262
423
270
251
321
290
313
278
308
306
306
312
319
262
352
308
288
305
297
307
305
294
268
318
332
275
241
371
326
313
300
274
302
302
295
326
319
278
288
327
297
326
314
310
309
255
299
306
301
310
300
306
302
302
305
300
291
306
310
301
291
299
306
302
300
299
297
303
303
303
303
303
303
302
304
302
303
302
302
302
301
301
301
300
301
301
301
301
302
302
301
301
303
297
301
301
303
301
302
302
302
302
301
300
302
302
301
302
301
301
301
301
302
302
301
302
302
302
302
302
302
302
301
301
303
300
298
301
304
303
302
301
300
302
302
302
301
302
302
302
302
301
302
301
302
302
301
302
299
302
302
302
302
301
301
301
302
301
301
301
302
301
302
302
301
302
303
301
302
301
301
302
301
302
300
301
301
302
302
302
302
301
303
302
303
302
300
302
304
301
302
301
302
300
302
302
302
300
302
302
302
302
300
302
302
302
301
302
301
301
301
302
302
301
301
302
302
303
302
302
301
302
301
302
302
302
302
301
301
301
302
302
301
301
302
301
301
301
301
302
302
301
302
302
301
302
302
301
301
301
301
302
302
301
301
301
302
301
302
302
302
303
302
302
302
302
302
302
302
301
301
301
301
301
302
302
303
301
302
302
302
302
301
301
301
301
301
302
301
302
302
300
302
302
302
302
302
301
301
302
302
302
301
302
301
302
302
301
301
302
302
302
302
301
302
301
301
302
301
301
301
301
302
301
302
300
302
302
302
302
301
301
302
301
302
301
301
301
302
302
302
302
302
302
302
302
301
301
301
302
301
301
301
302
302
302
301
302
302
302
302
302
301
302
302
302
301
302
302
302
302
302
302
302
302
302
302
301
301
302
302
301
302
302
302
303
302
302
301
302
302
301
301
301
302
302
301
302
303
302
301
301
302
302
301
302
302
302
302
301
302
302
302
301
302
302
302
301
302
302
301
302
301
301
301
302
302
301
302
302
301
