318
312
305
297
289
282
279
277
275
275
274
274
276
280
284
283
314
342
252
290
310
336
296
251
412
258
281
318
320
286
325
306
294
284
316
314
312
285
286
314
305
294
324
249
294
304
324
287
286
303
320
296
298
298
309
296
326
288
314
292
302
261
320
313
310
292
298
308
301
307
301
316
298
297
290
326
309
289
302
297
318
320
265
306
325
303
274
334
304
306
275
308
319
311
267
311
302
318
280
300
310
301
308
315
276
299
304
311
295
292
305
299
305
288
284
318
317
299
292
285
296
310
307
305
289
293
314
271
318
284
302
294
310
302
301
303
304
304
297
301
310
305
347
276
287
294
316
309
320
296
289
300
300
302
302
296
297
321
281
321
290
296
293
313
299
293
306
298
289
310
310
294
310
297
295
290
324
302
290
301
314
308
290
301
328
289
317
302
288
295
309
297
302
299
301
304
276
338
315
307
285
307
308
306
307
292
300
323
310
294
291
298
307
299
294
306
319
287
299
306
305
313
299
296
302
287
327
295
286
307
291
296
288
322
295
289
303
303
307
308
300
298
300
307
310
297
295
305
319
292
288
323
305
295
299
300
302
296
302
304
304
300
310
294
305
304
303
302
300
297
298
304
314
292
293
291
324
295
294
300
304
298
297
297
308
302
310
297
292
321
301
293
312
306
293
295
304
303
308
298
290
308
303
311
301
290
312
307
301
291
304
301
297
304
304
296
313
292
313
296
294
305
300
308
304
297
309
301
289
315
292
306
298
305
303
302
302
302
300
311
306
303
292
306
300
297
303
294
313
306
296
305
293
311
300
293
312
309
308
289
287
318
297
301
298
289
310
304
303
297
309
300
295
312
297
301
293
311
298
311
312
275
305
308
286
288
309
302
314
300
301
307
303
283
309
311
289
286
310
305
298
317
291
302
286
312
303
288
318
295
314
304
289
293
328
305
280
305
306
312
291
288
300
327
278
311
293
299
298
319
298
291
306
283
319
311
291
307
305
300
295
332
293
298
322
304
290
284
297
328
312
296
277
336
304
278
307
318
281
296
334
296
290
292
320
303
303
302
291
299
300
300
320
302
311
277
301
313
301
297
308
315
287
294
304
317
320
274
293
300
304
318
290
299
307
304
285
309
330
284
297
304
303
291
293
317
295
287
323
307
289
300
297
315
315
290
284
302
307
308
300
299
291
292
308
309
303
301
302
298
295
304
304
303
303
301
302
302
300
300
305
314
292
288
305
308
303
302
302
301
301
302
301
302
300
302
302
302
303
301
300
302
303
302
302
302
301
301
302
300
303
301
302
301
301
302
301
302
301
302
302
302
300
303
301
301
301
302
302
302
302
302
302
301
302
302
302
302
301
302
302
302
302
302
302
301
301
302
302
301
301
302
301
302
302
301
302
301
301
302
301
302
301
302
300
302
302
302
302
302
300
302
301
301
302
302
302
302
302
301
301
303
302
301
301
301
301
302
302
302
301
301
302
301
302
302
302
301
302
303
302
300
302
302
301
301
302
301
301
302
302
301
301
301
302
302
302
301
302
302
302
302
301
301
303
301
302
303
302
302
302
302
302
301
301
302
301
301
302
301
303
301
300
303
301
300
303
301
300
302
302
303
302
302
302
301
302
302
300
302
303
300
301
305
300
303
300
304
300
307
297
297
302
306
302
302
303
302
302
301
302
302
304
302
301
301
303
296
303
301
302
301
302
303
301
303
302
301
296
303
302
302
301
302
302
301
302
302
301
299
302
302
301
302
302
302
301
302
302
302
302
301
301
302
302
302
302
302
302
301
302
301
303
302
300
302
303
303
296
303
302
304
299
298
299
305
301
303
304
303
301
302
304
302
310
290
296
302
313
305
290
294
309
307
302
300
300
302
301
300
305
303
298
299
300
305
308
299
301
301
302
299
297
301
303
303
302
301
301
305
300
301
305
300
297
300
301
303
303
304
300
301
301
302
302
304
303
291
297
307
303
303
302
306
299
298
296
304
309
300
299
299
303
300
312
302
285
329
290
300
308
302
300
303
307
305
306
300
305
279
307
328
255
285
315
319
323
305
286
283
310
321
303
289
311
290
319
310
271
316
281
304
322
315
305
243
342
327
306
280
317
312
315
256
263
326
327
254
307
311
324
324
268
326
304
276
256
331
347
264
272
315
321
345
310
277
287
302
334
346
240
293
325
286
370
248
243
330
339
298
296
331
275
263
329
312
265
302
363
250
290
345
322
242
274
323
341
287
293
323
307
280
262
337
341
288
285
309
275
264
304
335
320
293
306
280
292
359
298
269
301
306
286
270
272
300
329
313
279
297
335
279
302
298
301
301
265
320
304
348
233
297
324
306
281
314
372
226
302
329
299
275
382
300
286
299
312
316
255
323
400
237
235
305
344
306
269
312
376
208
245
351
321
309
301
280
347
252
295
325
312
323
282
287
309
337
297
285
367
248
294
313
307
283
329
294
265
318
312
323
297
298
340
276
309
327
276
292
310
314
325
292
299
323
282
336
302
300
297
304
302
301
293
298
301
309
309
272
304
318
292
298
280
306
335
305
283
284
325
311
289
303
294
329
291
291
295
296
333
296
290
297
294
341
290
291
313
301
270
311
316
298
300
311
321
298
281
304
322
307
288
297
306
312
283
291
309
308
309
295
290
306
300
317
297
285
304
301
312
302
293
303
300
301
311
283
311
302
300
272
319
312
283
301
310
296
303
305
288
305
297
310
297
303
319
290
284
310
304
305
294
303
305
302
298
310
300
295
310
279
326
294
300
300
294
301
303
299
302
298
277
337
301
318
298
290
295
309
309
270
338
310
321
287
294
311
303
305
294
306
297
299
300
307
315
298
293
289
303
312
294
305
309
302
303
299
312
304
300
294
299
310
303
308
295
294
305
306
300
295
304
300
300
299
292
319
298
296
283
336
297
295
300
301
301
307
294
301
306
292
309
308
298
300
293
308
288
299
314
305
289
310
297
299
298
300
308
322
289
301
300
313
300
307
280
307
304
305
303
311
289
312
299
297
294
312
277
301
311
296
305
307
276
300
309
310
309
300
297
294
304
294
303
307
304
278
314
312
295
289
296
301
305
294
317
308
298
290
301
300
292
317
304
300
293
296
312
293
289
322
292
306
293
311
313
288
301
295
309
310
296
311
306
287
305
308
303
293
280
308
314
303
294
296
302
301
298
317
292
302
272
310
306
312
299
304
296
289
315
320
297
296
290
305
305
303
301
315
305
286
306
305
308
287
304
313
307
319
273
288
309
322
297
306
312
291
306
302
296
319
312
287
298
301
304
302
304
292
306
308
303
294
316
291
317
297
289
288
321
306
302
296
295
322
311
286
302
304
300
320
294
312
303
293
308
321
309
303
276
307
311
294
288
320
307
305
278
285
323
309
282
286
321
283
308
319
306
287
284
321
304
298
296
308
304
314
295
302
285
302
308
306
289
309
308
294
304
298
279
298
314
304
294
299
311
311
292
291
305
304
307
302
293
298
303
314
296
300
304
303
298
302
303
303
302
302
302
300
303
303
301
302
302
302
301
303
302
301
300
301
301
301
301
303
302
301
303
301
302
302
299
302
302
301
302
301
302
302
301
301
301
302
301
303
301
301
302
302
302
303
301
302
301
303
301
302
302
302
302
299
303
302
302
302
302
301
302
302
302
302
301
302
301
302
301
302
302
302
302
301
302
302
303
301
302
301
302
301
301
301
302
302
301
302
301
301
301
302
302
300
302
302
301
302
302
302
301
302
302
302
302
301
302
302
302
300
301
303
302
302
303
301
301
301
301
301
302
302
302
302
301
301
301
303
302
301
302
301
301
302
302
302
302
301
302
301
302
301
301
303
302
302
302
300
302
303
300
301
301
302
302
302
302
301
302
302
301
302
302
302
301
301
302
303
302
301
301
302
301
301
303
302
302
301
301
302
302
302
301
302
302
302
301
302
301
302
302
302
301
301
301
301
302
301
302
302
301
302
301
302
302
301
302
302
301
301
302
302
303
301
302
302
302
302
301
301
301
302
302
301
302
302
301
301
302
302
302
301
301
302
305
303
294
294
305
306
302
302
301
302
302
302
302
301
300
302
301
300
300
301
304
301
302
302
303
301
301
303
302
302
301
302
301
304
310
294
303
297
300
304
303
303
302
301
301
301
302
304
302
300
295
310
298
297
299
300
302
305
305
306
297
303
299
303
304
312
299
299
290
297
303
308
306
305
300
302
302
301
303
299
303
300
302
298
304
302
304
297
300
298
307
307
304
298
301
306
288
298
305
299
304
306
292
301
305
311
297
295
295
311
308
308
288
277
315
330
288
306
303
292
334
282
305
304
311
292
317
312
286
302
290
328
304
309
286
319
271
290
336
348
278
263
312
337
301
269
291
319
321
300
288
311
330
277
281
344
296
290
292
324
333
280
276
293
318
311
303
300
312
342
255
262
319
333
307
271
312
316
274
330
288
277
304
332
307
316
255
230
309
334
306
295
292
294
353
287
261
308
290
295
305
349
282
296
261
331
353
264
286
344
298
248
304
310
313
325
318
282
270
301
337
282
276
319
274
303
310
273
322
273
331
286
341
284
293
259
384
283
235
299
308
368
321
258
302
300
297
360
300
220
309
343
240
314
465
225
267
390
388
265
301
263
292
411
284
191
231
377
323
297
297
270
230
408
348
218
228
370
249
272
298
242
341
307
308
214
368
246
357
229
432
176
392
278
245
283
337
313
292
281
243
315
264
391
397
156
318
460
138
267
415
249
264
318
244
440
341
307
181
308
458
199
225
384
358
221
236
421
236
279
285
322
237
381
194
326
373
282
219
174
299
344
344
420
219
280
348
302
303
329
287
256
338
343
275
267
263
325
354
346
245
313
305
267
319
307
344
272
340
254
271
345
329
246
270
335
344
294
261
337
298
292
288
329
298
299
318
284
288
345
284
291
327
290
313
253
307
311
297
313
262
315
334
332
254
333
280
321
311
252
309
329
309
245
306
340
310
254
309
334
330
276
264
334
304
300
337
277
313
279
301
323
330
250
298
316
332
289
291
306
306
290
312
277
302
319
292
272
304
316
307
286
296
298
309
316
326
250
308
316
295
310
300
296
312
303
278
328
319
297
298
322
305
297
299
305
309
309
308
286
303
303
297
306
311
298
303
328
283
306
293
307
304
298
292
312
304
292
324
284
295
306
299
310
284
308
291
301
312
285
312
295
303
305
309
316
288
313
306
305
309
292
297
285
328
288
327
299
310
291
286
305
308
298
296
303
312
275
316
325
292
319
286
291
313
305
301
300
300
297
297
331
294
289
303
309
296
296
300
302
303
300
306
301
299
307
292
307
302
304
302
296
313
299
303
300
296
310
301
302
298
298
305
291
315
291
294
298
314
299
298
300
300
304
299
297
314
296
303
296
302
305
304
287
320
285
309
298
293
307
300
299
296
302
313
302
289
270
342
299
300
287
299
316
292
299
301
305
301
313
291
308
322
292
303
301
298
298
306
294
310
304
293
292
340
308
291
296
289
302
311
294
296
302
297
304
319
304
309
292
295
288
297
319
297
287
302
305
309
311
307
302
295
304
290
298
295
298
310
304
304
288
309
306
309
306
303
294
296
308
305
286
300
311
304
292
295
330
290
296
302
304
281
303
312
301
299
293
304
300
312
313
288
297
313
300
288
312
304
295
291
299
303
304
307
268
322
299
297
302
296
303
287
316
306
284
314
276
312
319
310
274
299
304
322
294
304
311
309
298
289
313
313
288
275
322
331
316
265
296
304
332
282
306
308
299
269
310
332
296
316
274
297
328
309
308
288
297
326
314
264
302
316
330
300
287
263
295
334
307
285
286
307
315
317
290
288
291
318
317
304
295
317
304
304
286
299
302
311
309
291
300
322
289
286
318
307
290
295
308
305
304
302
300
300
306
299
297
305
303
302
300
304
302
301
301
302
302
301
302
302
301
302
301
302
301
301
302
302
302
301
301
302
302
301
301
304
302
302
302
302
302
301
301
302
301
301
300
301
302
302
302
301
301
301
302
302
302
302
302
301
302
301
302
302
302
301
302
302
302
302
301
302
302
301
302
302
301
302
302
302
302
301
302
301
302
302
302
302
301
300
302
302
302
302
302
301
302
301
301
302
302
302
303
302
301
301
302
302
302
301
301
302
302
301
302
302
302
302
301
301
301
302
301
302
302
301
302
302
301
302
301
302
302
301
302
301
301
302
302
302
301
302
301
302
301
302
301
302
302
302
301
302
301
302
301
302
302
302
301
302
302
302
302
301
301
302
302
301
301
302
301
301
302
302
302
302
302
301
301
301
301
302
302
302
302
301
302
301
302
301
301
301
301
301
302
302
300
302
302
301
301
302
301
302
301
301
302
301
302
302
302
302
302
302
302
302
302
301
302
302
302
302
301
301
303
302
302
301
301
303
301
302
302
302
302
302
302
301
302
302
302
302
301
302
302
301
301
303
302
302
302
301
302
302
301
302
302
301
302
301
301
302
301
301
302
301
301
302
302
301
302
301
302
302
301
302
301
302
301
301
302
302
301
302
302
301
301
302
304
303
296
300
302
303
304
307
299
290
302
311
302
294
301
305
308
308
297
297
294
314
311
311
279
288
313
310
308
299
294
302
304
306
303
295
303
310
301
286
293
302
309
302
306
304
300
295
299
299
311
299
287
293
308
314
301
293
291
306
310
304
296
301
304
298
294
313
290
303
322
297
283
311
301
296
296
306
305
294
305
310
301
308
282
313
306
323
283
286
292
341
291
287
302
309
337
270
276
314
318
294
316
287
313
330
286
310
297
295
299
313
300
292
331
314
257
307
302
295
315
313
297
303
291
298
301
297
313
265
326
324
289
282
310
342
272
323
298
274
290
330
301
301
273
330
289
308
276
299
319
287
307
302
309
295
287
312
272
317
318
360
227
313
301
326
325
252
278
406
294
274
311
309
283
295
324
296
283
285
301
344
251
323
308
301
278
312
314
292
267
354
284
280
321
265
323
325
288
243
298
346
377
260
236
315
324
335
333
220
323
319
333
259
270
288
313
333
247
318
366
258
457
179
275
349
379
296
244
284
309
349
332
262
289
311
280
271
342
290
334
317
221
297
293
290
307
380
231
276
367
288
272
328
344
359
243
261
352
258
329
256
272
356
331
316
305
199
309
285
384
350
239
265
334
371
238
265
341
330
314
269
292
334
274
375
232
280
328
304
341
390
128
170
385
320
435
214
252
359
304
269
229
336
341
282
292
319
289
233
346
300
325
287
271
345
286
318
304
260
262
326
329
281
319
319
296
294
271
325
243
299
348
285
307
306
306
305
315
280
293
319
296
309
296
275
305
321
318
296
275
316
304
308
299
285
304
336
287
287
299
300
301
300
310
304
294
306
303
301
298
303
309
296
293
296
299
312
306
295
309
306
291
312
297
308
312
300
283
309
306
305
292
304
312
303
284
300
298
327
320
286
296
303
303
303
307
298
300
305
297
297
299
310
306
296
306
304
314
302
297
297
301
308
296
290
309
303
290
321
275
324
290
298
300
305
301
301
305
299
302
300
308
297
299
319
292
299
301
302
301
304
293
310
311
302
294
307
302
296
303
300
303
308
296
298
306
298
303
295
302
303
293
302
319
292
298
307
302
289
306
305
305
303
294
299
295
307
307
296
297
306
321
302
293
290
300
316
300
292
304
308
302
295
296
307
302
319
300
301
303
296
307
304
297
291
305
301
315
274
307
299
304
305
301
293
300
303
301
300
293
311
294
309
316
274
311
303
307
310
295
298
297
306
303
302
304
317
298
302
295
296
312
307
285
298
299
296
305
302
291
302
306
303
304
305
283
305
310
280
315
295
301
309
305
294
310
305
296
283
309
297
313
293
294
311
308
318
288
305
318
314
310
293
278
303
320
282
306
303
297
315
281
295
341
298
282
291
331
304
295
281
285
322
313
297
309
305
300
284
300
295
311
305
298
301
299
311
317
272
295
304
298
310
311
265
320
303
309
307
290
320
307
278
301
298
296
316
307
277
295
310
307
311
302
281
310
298
324
302
295
288
319
303
302
298
289
316
296
311
301
287
290
291
310
319
304
280
304
324
316
279
281
314
326
284
299
298
308
308
312
300
314
303
280
295
313
312
298
298
290
317
301
288
311
300
290
301
293
301
310
307
294
289
309
306
311
298
297
306
297
307
289
301
304
306
302
302
301
303
302
302
302
301
301
302
302
301
301
302
301
304
300
303
304
301
300
299
302
303
302
300
301
302
302
302
301
302
302
301
301
302
302
302
302
302
302
301
302
302
301
302
302
302
301
301
301
302
301
302
301
302
301
302
302
302
302
301
301
302
301
302
301
302
302
302
301
301
301
302
302
301
303
302
301
301
301
301
302
301
302
302
302
302
301
301
302
302
302
301
302
302
302
302
302
301
302
301
302
301
302
302
302
302
301
301
302
301
302
302
301
301
301
301
302
302
302
301
301
301
301
301
301
302
301
302
302
302
302
301
302
301
301
301
302
302
301
301
301
302
302
302
303
302
301
301
303
301
302
302
301
301
302
302
301
301
302
302
302
302
301
301
302
301
302
302
302
301
301
301
302
302
301
302
303
301
302
302
301
301
301
302
301
301
301
302
302
302
302
302
302
300
301
302
302
301
301
301
302
302
301
303
301
301
302
302
302
302
302
302
302
302
302
302
302
302
302
302
302
302
302
302
301
302
301
301
301
302
303
302
302
300
303
302
302
302
302
301
302
302
301
302
304
302
298
299
304
302
303
303
302
302
301
301
302
301
302
302
302
301
302
303
302
301
297
301
304
303
302
303
303
302
302
302
303
301
300
298
306
302
297
303
305
302
302
301
300
302
302
301
302
301
302
302
302
302
301
299
299
304
303
301
302
302
301
300
301
303
301
301
302
303
301
301
302
302
300
302
304
303
301
297
301
304
302
302
303
300
302
300
301
300
304
305
298
294
304
303
303
304
302
298
299
304
304
304
299
297
303
308
307
296
293
302
307
304
297
298
302
304
309
302
297
304
299
297
297
308
304
297
296
302
300
315
300
300
305
294
299
302
305
303
301
300
298
308
304
295
302
301
314
302
285
306
309
301
309
290
296
313
304
295
294
308
309
299
299
315
314
299
299
302
308
304
293
306
302
294
306
309
302
302
288
315
304
288
289
295
360
274
280
320
314
308
296
304
301
292
307
307
309
272
298
338
302
278
304
318
290
302
319
261
302
321
309
319
300
279
290
289
321
318
282
299
309
293
285
302
314
305
297
288
298
297
291
300
301
315
311
286
275
355
304
270
307
309
295
319
280
325
303
267
310
332
263
305
296
302
293
317
295
290
318
300
303
304
276
316
288
322
285
291
338
288
326
331
231
307
348
293
226
315
340
292
265
297
291
290
305
296
274
331
323
283
306
300
302
279
306
322
310
275
314
283
271
355
288
287
309
281
303
317
290
332
304
286
314
284
354
274
294
328
280
275
281
328
322
328
280
261
337
300
294
289
289
317
361
288
258
304
319
306
305
312
264
279
330
334
261
267
326
332
291
296
326
277
292
344
286
313
257
293
331
297
298
333
345
222
299
384
301
242
343
277
270
336
263
296
341
297
307
264
263
272
358
274
296
329
341
316
269
242
339
331
282
330
318
265
286
303
322
327
265
306
326
285
286
328
311
277
279
348
299
265
315
288
300
307
324
312
277
309
290
280
301
313
292
297
319
284
312
294
303
299
306
291
297
338
288
295
331
303
275
299
305
300
321
292
303
296
316
300
308
318
285
299
315
324
283
290
304
325
302
297
312
296
303
302
308
294
302
301
312
278
309
303
315
294
284
301
301
306
301
300
300
303
305
297
312
306
292
293
298
309
296
307
288
300
296
311
322
295
298
305
316
305
280
306
301
314
294
302
302
298
317
289
314
315
287
301
289
304
307
292
308
305
303
299
303
308
303
299
292
313
310
287
301
304
303
303
299
303
298
305
301
301
301
301
302
302
301
300
300
304
302
300
301
301
305
307
297
300
301
302
300
302
291
318
300
303
301
301
300
303
297
304
311
300
301
301
302
303
304
300
298
313
297
303
298
299
306
301
301
302
301
306
303
303
304
292
313
298
305
296
306
306
295
299
304
304
296
309
302
302
299
307
297
303
297
293
311
301
300
316
297
287
310
298
309
298
297
303
306
302
310
307
298
289
303
306
299
306
295
306
297
303
303
304
308
302
295
298
309
290
308
302
302
297
299
300
318
292
290
305
313
306
284
294
319
306
305
290
306
307
301
293
309
304
296
301
318
296
302
303
304
291
307
304
293
304
317
293
286
299
309
315
280
317
311
288
316
311
289
300
300
306
310
298
289
313
289
310
296
309
315
301
293
308
299
309
283
292
314
310
299
290
301
305
304
285
307
323
295
284
320
306
306
301
294
302
299
306
298
303
285
306
302
309
299
293
304
296
309
325
286
271
318
319
297
294
286
314
307
300
287
302
321
311
281
289
301
313
307
283
311
292
321
301
298
288
293
319
301
288
300
316
300
300
295
300
324
300
280
291
313
303
291
323
306
293
318
293
283
295
313
321
286
303
308
305
304
300
291
303
307
304
298
303
304
304
316
278
298
303
309
304
302
302
300
301
301
302
302
302
302
302
301
302
302
301
300
302
301
303
301
301
302
302
301
301
302
302
301
301
302
301
301
301
302
301
302
302
301
301
302
302
302
302
302
301
301
302
301
302
302
302
302
302
301
301
302
301
301
301
302
301
301
301
301
301
302
301
302
301
302
302
301
302
302
301
302
302
301
301
301
302
301
301
301
301
300
302
301
302
301
301
302
302
302
301
301
302
302
302
301
302
302
301
302
301
302
302
301
301
301
301
301
301
301
302
301
302
302
301
302
301
302
302
303
302
303
302
301
301
302
302
302
302
301
301
302
301
301
302
301
302
301
302
302
302
301
302
301
302
302
301
302
302
301
302
303
301
302
301
302
301
302
301
301
301
302
302
302
301
302
302
302
302
301
301
302
301
302
302
302
301
302
302
302
302
301
301
302
302
302
301
302
301
302
301
301
302
302
301
301
301
302
302
302
301
302
301
301
302
301
301
302
302
301
301
302
301
301
302
301
302
301
302
302
300
302
301
302
302
302
301
301
303
301
301
301
301
301
303
302
302
303
301
300
301
301
303
301
302
302
301
303
303
299
299
302
302
302
302
303
302
299
306
307
297
287
302
310
308
296
297
306
299
296
309
315
300
288
303
306
311
294
298
298
304
307
302
300
306
305
290
303
306
307
304
292
298
308
313
306
290
290
302
310
304
310
297
296
295
308
312
282
304
308
304
302
316
307
278
288
313
309
304
310
311
285
304
300
305
314
303
283
280
315
314
292
308
303
305
290
292
309
325
275
301
303
318
301
296
318
300
292
298
317
303
271
286
300
347
282
284
295
291
303
333
284
292
320
298
281
321
307
294
317
324
278
283
328
306
304
282
319
282
294
325
315
277
301
325
279
291
309
317
311
280
287
327
298
261
311
347
268
278
317
345
290
281
285
335
316
296
302
299
297
276
296
310
313
313
305
250
294
339
294
300
314
290
290
287
318
344
272
273
302
312
299
301
309
330
300
272
308
292
363
282
283
285
325
307
278
272
335
355
255
289
304
337
321
276
276
311
315
309
289
283
293
323
297
292
290
311
279
303
294
298
327
303
291
275
304
302
306
316
330
277
298
343
277
288
312
321
315
294
264
327
281
290
351
312
345
247
259
309
300
296
316
291
241
302
348
319
271
299
353
290
241
296
481
243
286
350
302
326
271
257
337
332
302
274
354
258
264
318
325
288
304
342
305
273
302
271
295
299
325
277
330
285
300
330
256
344
292
314
286
251
261
319
286
316
308
372
240
259
292
350
300
288
269
369
327
249
336
298
305
279
291
353
348
274
217
335
350
282
269
317
324
292
308
292
290
305
382
270
226
340
379
275
270
313
316
271
315
330
262
314
313
315
269
241
341
383
293
272
291
349
296
242
306
325
302
271
338
326
269
273
303
306
299
312
346
269
294
299
296
350
292
295
273
312
311
313
282
286
296
272
318
317
262
305
326
311
253
325
316
277
303
320
305
301
295
296
271
298
336
303
289
322
315
306
276
322
297
323
272
289
324
315
310
265
291
318
299
299
311
320
324
263
292
321
289
295
325
287
300
308
319
286
321
293
324
297
277
305
310
305
315
279
292
327
297
305
298
295
300
313
299
296
310
315
288
296
296
293
312
290
298
309
305
300
298
297
285
306
314
318
297
294
312
299
292
298
303
306
298
315
292
309
281
297
305
301
309
283
307
299
307
297
302
300
299
302
303
303
301
302
301
287
321
303
316
305
302
303
303
304
303
296
297
301
300
298
320
300
303
293
311
293
304
283
297
293
324
299
297
290
318
303
296
289
323
291
291
298
317
298
297
297
317
298
290
319
280
301
314
303
298
300
300
301
299
310
302
302
294
308
306
303
299
302
301
303
291
305
308
302
292
303
297
308
294
301
303
302
301
299
297
306
312
302
299
303
297
305
301
307
299
299
309
298
307
293
304
306
305
303
305
291
301
289
298
322
286
295
302
301
318
295
302
304
304
296
303
305
303
307
308
292
302
303
306
298
298
302
292
306
309
305
297
294
300
312
304
294
300
303
303
300
299
302
303
309
291
317
292
302
301
300
310
297
304
307
287
303
304
309
301
300
306
289
301
311
298
314
293
288
305
303
308
305
300
300
302
293
303
304
305
303
307
299
305
295
297
304
309
309
298
315
303
304
304
286
305
292
319
289
302
313
305
304
310
278
308
303
301
296
303
317
289
297
310
309
296
310
302
297
294
295
314
301
294
300
304
312
297
296
280
316
310
285
300
312
286
301
306
301
289
302
308
307
312
295
298
303
310
293
299
311
289
302
306
303
297
301
297
300
315
283
306
308
304
283
306
290
297
300
309
291
320
299
310
289
311
319
282
292
317
293
303
310
299
290
297
313
290
320
271
332
297
292
297
307
301
315
278
326
321
276
280
313
334
278
306
303
307
304
284
300
317
325
281
293
313
301
291
310
314
291
306
300
305
289
300
328
286
291
307
306
299
322
295
296
320
302
299
299
304
293
309
307
300
300
287
303
330
304
276
287
309
287
324
303
285
325
301
282
308
304
311
302
288
298
304
312
290
289
313
310
290
292
324
315
282
286
305
321
301
285
313
308
295
297
319
308
291
299
306
308
303
297
299
302
304
304
302
302
301
301
301
302
300
300
302
302
302
301
302
301
302
302
300
300
303
307
312
282
288
314
308
305
302
300
301
301
301
302
301
302
301
301
302
301
301
303
302
301
303
302
301
302
302
301
301
301
302
302
302
301
302
301
302
302
301
301
302
301
302
302
301
301
302
302
302
302
302
301
301
302
301
302
301
302
301
301
301
301
302
302
302
302
302
303
301
302
301
301
302
301
301
301
302
301
302
302
301
302
301
301
302
302
301
302
300
302
302
301
302
301
301
301
302
301
302
301
302
302
301
301
301
302
301
302
302
301
302
302
302
301
301
301
302
302
302
301
302
302
301
301
302
301
301
302
302
301
301
302
301
302
301
302
302
302
302
302
302
302
301
302
301
302
302
302
302
301
301
301
302
301
301
302
302
302
302
302
302
301
302
302
302
301
301
302
302
302
302
302
302
301
302
302
302
301
301
302
301
302
302
302
302
301
304
302
300
300
301
302
302
303
302
302
302
302
301
301
303
303
300
300
301
304
301
300
303
300
301
302
303
302
303
302
301
300
303
302
301
302
300
301
302
302
301
302
302
300
301
302
302
302
302
301
302
301
301
302
301
301
301
302
302
302
302
302
302
301
301
302
302
301
301
302
302
302
301
302
302
302
301
302
302
302
302
301
302
302
302
301
302
302
302
301
302
302
303
303
300
298
304
302
301
300
303
303
301
301
302
302
302
308
303
295
301
304
301
303
302
296
303
303
303
306
304
300
299
300
296
297
315
297
315
303
286
297
310
304
300
301
303
300
304
302
302
295
311
287
308
303
302
299
304
305
302
302
298
300
303
300
306
304
302
302
301
304
302
301
302
300
301
302
302
304
303
300
306
302
299
301
301
301
304
303
302
300
298
299
306
306
297
299
307
297
304
302
299
301
301
306
306
296
295
312
306
298
300
307
300
303
306
302
301
301
303
303
311
289
300
311
289
302
309
302
303
302
299
300
305
299
299
305
303
302
307
298
292
308
303
298
304
310
298
288
308
312
303
290
295
306
299
292
314
286
301
315
313
297
286
309
302
292
314
299
291
299
315
302
285
306
300
292
312
308
284
302
299
303
310
296
275
312
302
306
301
299
308
299
340
283
285
321
294
310
313
301
332
281
301
309
312
284
299
311
300
280
310
322
283
270
326
316
303
301
306
269
301
292
322
299
280
307
304
263
309
321
316
300
305
300
284
266
310
344
283
262
306
320
255
339
271
297
324
318
301
275
298
305
291
324
308
281
275
325
315
273
325
289
311
301
299
294
336
294
291
299
314
305
277
316
343
273
263
329
310
315
308
271
303
339
285
300
328
306
284
286
296
323
313
259
308
308
289
302
296
305
301
291
288
324
288
273
322
345
299
254
317
327
296
291
291
316
287
294
305
280
259
329
284
291
319
299
295
331
330
281
277
297
306
312
310
265
302
336
322
283
270
326
303
253
301
315
306
299
281
309
342
272
283
286
318
326
336
234
262
343
319
295
280
302
296
298
311
306
266
303
338
318
232
300
338
327
269
253
336
314
312
261
302
322
266
308
301
331
294
268
339
299
269
313
313
290
330
282
303
307
334
267
263
337
315
276
315
316
282
291
299
305
330
284
284
321
313
287
326
285
293
325
290
306
341
267
269
328
332
299
278
310
304
283
312
301
300
312
307
297
299
305
287
306
306
304
291
289
311
296
302
293
325
290
294
315
299
309
297
306
305
311
285
292
329
294
305
291
290
328
318
269
307
330
303
231
313
335
327
223
320
323
303
303
318
245
293
324
328
286
295
302
306
311
310
258
317
314
299
288
326
297
280
298
327
311
281
298
306
293
319
278
303
311
314
286
306
307
291
286
310
310
304
309
315
278
309
291
300
305
303
307
307
288
300
307
304
302
305
301
301
297
305
307
301
296
307
315
296
299
290
306
308
301
298
300
302
303
295
294
315
304
297
303
299
302
293
305
299
301
300
303
301
296
310
295
300
301
302
302
303
303
298
302
302
304
301
304
301
292
308
303
284
326
301
289
311
300
298
288
310
300
315
283
291
287
346
289
296
304
302
302
306
297
300
304
303
297
308
294
318
308
298
299
302
305
292
310
310
293
300
304
280
324
306
300
296
298
316
299
297
304
321
294
289
299
306
298
295
303
310
298
299
301
291
301
311
300
298
298
303
310
300
311
308
294
303
303
302
296
310
299
307
313
311
280
298
306
305
312
294
309
304
298
302
300
310
300
278
304
304
309
305
302
293
303
296
302
308
304
303
297
299
302
311
300
302
291
311
306
297
304
289
314
310
300
296
305
306
296
304
305
303
304
306
298
304
293
305
311
294
302
305
300
322
296
283
305
303
319
300
291
307
302
301
309
305
305
301
304
294
307
318
294
295
302
301
307
303
299
296
301
303
302
294
296
302
301
303
305
308
291
304
309
312
288
306
294
312
307
285
305
322
293
308
304
304
304
296
290
309
312
304
281
314
309
307
297
307
297
306
312
292
293
315
301
292
293
303
312
307
285
285
312
313
292
277
303
316
297
285
292
302
340
290
294
304
284
332
321
245
315
307
325
299
307
307
298
277
316
358
331
233
279
323
367
303
253
288
337
332
272
290
313
327
290
302
317
280
285
318
322
280
279
303
328
313
296
273
296
305
282
312
303
323
275
295
332
304
290
275
316
323
314
299
260
287
323
315
314
306
308
276
279
303
312
352
258
299
312
314
287
294
311
308
292
277
307
305
307
306
295
297
313
300
296
308
309
293
302
310
294
296
314
311
276
288
304
312
306
301
301
302
312
294
296
303
304
304
303
301
302
301
302
302
302
301
301
301
301
302
301
302
301
301
300
302
301
302
301
302
301
302
302
301
301
304
302
301
301
302
302
301
301
302
300
302
301
301
302
300
302
302
301
301
302
301
301
302
302
301
302
301
300
301
302
301
302
304
300
298
302
303
302
302
302
301
303
301
301
301
301
301
301
301
302
302
302
301
302
301
302
302
302
301
301
302
301
301
302
302
301
302
302
302
301
302
301
304
302
301
301
301
301
302
302
301
302
302
301
301
302
301
301
302
302
302
301
302
301
302
302
302
301
302
301
302
302
301
301
302
302
302
302
302
302
301
301
301
301
301
301
302
3