294
294
293
292
293
293
293
294
293
293
293
294
293
294
298
304
306
304
289
297
300
308
282
301
298
322
288
301
303
301
299
297
291
315
309
297
269
311
333
270
324
295
263
320
328
262
311
308
297
291
306
306
297
274
332
290
297
286
312
296
322
286
291
327
348
228
277
336
325
294
286
349
291
266
352
317
235
292
337
296
282
284
308
333
311
261
333
299
288
317
335
268
296
328
263
281
300
293
360
239
319
336
331
288
262
288
329
299
298
271
328
259
226
333
328
313
269
301
295
305
363
249
319
298
252
330
277
325
360
241
304
322
363
328
246
294
316
308
349
258
348
259
289
310
304
294
264
332
296
288
343
293
288
315
331
251
287
302
299
291
275
354
319
303
295
260
350
319
230
323
300
307
272
309
342
279
269
312
347
261
285
384
246
440
223
320
258
308
346
220
288
366
345
371
207
256
345
372
318
259
300
298
368
232
295
313
350
246
305
247
259
291
327
293
257
311
288
289
284
469
204
294
332
294
332
231
366
282
283
344
306
249
347
266
269
237
280
355
345
289
234
347
321
264
293
390
307
243
404
214
356
326
215
332
290
311
355
247
268
334
358
245
291
315
306
303
310
271
360
265
297
333
371
203
325
348
250
290
313
282
311
337
259
293
344
310
291
356
213
307
398
266
283
345
258
266
359
288
292
291
311
300
279
322
255
305
290
315
250
341
311
239
333
346
219
331
346
237
310
334
396
210
277
330
375
213
318
367
273
264
362
296
241
323
311
285
315
293
281
272
330
289
333
293
327
338
285
258
363
251
326
278
286
305
298
299
295
284
329
339
244
334
264
342
306
282
334
296
298
278
319
302
320
319
274
324
286
339
281
326
281
285
325
275
297
323
332
226
342
298
291
313
296
312
298
289
303
298
331
345
255
315
324
308
296
303
277
301
286
311
290
313
326
278
278
326
294
287
332
319
312
286
298
327
296
306
291
315
283
291
325
273
294
305
321
295
297
309
288
320
278
310
292
298
304
315
318
281
282
315
313
293
294
287
310
326
294
307
284
304
312
305
299
291
306
301
286
295
323
308
298
292
305
304
297
297
291
320
294
310
320
280
307
295
301
311
294
316
298
304
274
303
295
294
305
300
306
303
297
303
307
309
295
301
307
306
285
298
297
306
314
304
276
307
315
325
300
309
292
303
313
281
298
305
305
328
292
289
299
306
322
283
298
308
302
302
315
285
308
301
267
329
312
298
303
321
289
299
296
307
310
293
304
302
289
311
293
302
310
306
305
293
269
326
289
325
277
320
286
290
311
298
292
322
308
292
298
303
297
312
279
303
289
302
300
298
326
302
294
299
325
294
295
291
306
312
303
305
283
305
306
319
306
281
320
289
313
289
288
302
292
286
313
287
303
308
313
294
314
297
292
300
286
321
296
299
321
312
301
273
307
315
289
292
297
323
294
275
314
302
298
302
295
303
298
300
302
279
293
306
330
281
307
295
301
296
295
317
300
296
318
293
288
303
300
313
287
300
299
302
304
295
286
334
318
282
307
297
293
309
289
322
298
304
307
280
305
306
295
306
287
291
330
306
306
313
287
306
291
304
319
285
297
313
306
309
314
297
302
301
312
278
302
323
325
287
301
299
294
302
326
311
283
294
304
313
279
296
308
306
305
294
306
300
313
297
286
304
294
324
288
296
298
307
292
315
312
288
302
307
304
308
293
321
292
304
298
298
302
299
307
304
299
309
291
258
358
295
296
304
296
302
308
298
294
296
312
284
308
284
324
309
275
304
315
307
295
295
306
317
300
287
300
323
306
289
303
302
311
282
308
284
316
302
304
299
300
309
305
298
298
295
298
316
311
297
302
292
291
305
319
301
283
311
301
306
296
291
314
306
283
322
307
307
288
307
301
300
296
302
318
282
281
332
309
318
280
322
304
305
278
307
310
303
302
293
308
300
299
303
317
295
313
276
305
308
309
283
288
345
283
311
315
295
287
295
308
291
309
296
313
301
298
319
271
314
283
325
270
305
316
305
317
302
293
298
297
285
308
332
280
321
355
250
351
284
327
308
312
293
315
283
284
353
267
306
305
304
314
287
335
292
269
306
313
299
316
310
277
285
339
288
304
291
305
301
292
308
286
275
336
283
318
300
309
315
268
291
329
246
299
344
309
258
353
274
281
316
328
279
304
307
320
265
277
305
332
283
292
316
276
308
297
305
320
251
333
297
308
275
361
270
320
323
271
298
310
325
289
248
291
317
324
281
293
296
328
207
331
319
312
335
278
318
292
312
295
289
313
314
293
284
319
288
278
317
301
304
305
286
308
289
293
311
302
325
314
275
297
317
315
298
301
292
298
306
305
302
300
300
301
302
301
301
302
301
304
300
298
303
302
301
301
303
304
301
300
303
301
302
302
302
301
301
301
302
302
301
302
301
302
301
302
302
301
302
301
301
302
302
302
302
301
301
302
301
302
301
302
302
301
301
302
302
301
302
301
301
301
302
301
301
301
302
301
301
301
302
302
302
301
301
302
302
302
302
302
301
302
301
301
301
302
301
301
301
302
302
301
301
302
302
302
301
302
302
302
301
302
302
302
301
301
302
302
301
302
301
302
302
301
301
302
302
300
302
302
303
301
301
302
302
302
302
301
301
301
302
301
302
301
302
301
302
302
301
302
301
301
301
301
301
302
302
302
301
302
301
302
302
302
301
301
302
301
301
301
302
302
301
302
300
304
302
299
302
302
302
302
301
302
302
302
301
302
300
300
302
302
303
301
303
303
302
300
299
302
304
302
300
299
301
300
298
307
303
304
299
301
302
301
301
304
302
300
300
302
302
302
304
301
300
301
301
302
305
294
309
298
296
307
312
290
297
303
304
302
303
300
305
302
302
296
300
304
301
309
294
296
303
305
299
311
282
311
302
297
303
313
291
305
300
297
305
301
303
297
300
324
288
296
304
298
313
298
288
325
266
314
283
308
296
301
333
313
283
290
285
336
294
297
301
282
314
279
282
325
332
279
319
274
350
324
240
295
322
293
305
392
230
283
330
317
346
251
295
290
344
304
249
316
324
302
313
296
308
309
228
370
307
263
282
279
327
338
316
267
321
269
298
306
351
258
302
308
305
330
293
295
290
323
317
275
291
292
230
363
324
288
310
340
329
218
324
332
309
287
279
303
460
160
323
324
308
232
319
304
331
420
204
326
321
314
318
250
332
347
228
367
244
292
354
294
293
281
320
305
273
346
295
307
358
231
258
331
330
276
335
305
225
310
331
323
224
410
241
313
325
290
353
284
244
362
288
235
324
321
223
308
441
244
360
326
311
321
261
246
267
303
363
371
278
309
317
312
346
359
200
306
318
374
244
356
250
253
440
228
400
237
273
324
343
240
379
260
362
244
294
256
330
294
291
301
305
280
296
321
332
302
343
151
348
342
391
249
273
344
353
202
361
300
288
336
272
263
357
302
316
214
416
274
312
333
251
314
302
328
280
294
300
288
326
291
293
300
283
311
281
308
307
305
280
259
352
284
303
291
288
305
304
279
314
323
284
286
286
307
297
279
308
291
282
345
287
271
310
319
276
322
294
298
289
301
322
286
297
310
304
290
316
281
302
325
285
304
309
304
316
286
297
315
331
266
322
305
280
306
324
297
302
316
313
271
290
319
302
295
290
308
306
312
281
307
305
330
301
285
285
316
295
298
292
312
301
318
316
298
289
315
267
349
317
288
313
271
315
293
312
238
314
281
331
287
294
326
291
295
307
308
299
294
337
229
341
317
281
307
274
349
305
244
339
309
225
398
299
267
309
309
283
297
298
317
320
315
338
284
287
312
324
287
293
311
296
299
305
271
339
287
293
329
296
280
299
309
303
303
290
256
358
298
280
321
285
276
321
300
289
298
324
292
292
287
296
310
274
343
296
295
298
302
317
293
295
307
300
300
299
267
315
338
236
343
299
281
301
296
308
304
301
309
297
265
305
359
276
301
298
308
313
303
301
297
300
298
309
291
312
336
289
289
288
305
314
277
325
303
306
277
309
298
280
319
308
285
291
303
282
332
308
275
298
300
331
290
308
280
310
339
300
272
302
309
299
299
303
307
306
285
300
345
299
284
321
303
294
307
307
285
308
309
301
317
292
287
314
298
311
284
279
324
309
311
283
297
311
311
282
304
305
286
302
294
301
296
308
282
325
315
296
277
329
299
304
285
310
311
298
307
294
318
311
305
293
292
294
306
310
307
301
307
276
311
296
312
320
289
298
305
319
300
310
292
299
311
309
302
308
304
304
307
296
315
304
302
268
335
305
277
314
306
303
289
305
312
319
290
303
329
308
278
319
336
255
277
315
343
278
321
290
298
326
279
311
318
296
321
288
320
326
275
307
304
288
290
302
318
301
285
320
313
287
323
312
273
287
309
346
264
295
316
295
286
319
292
288
287
337
266
296
303
335
261
308
312
303
307
284
278
318
301
330
339
256
280
331
316
313
294
271
314
308
308
294
282
327
298
299
284
309
309
303
307
300
300
302
301
302
302
302
301
301
301
301
301
314
288
301
307
298
301
303
302
301
302
302
303
301
302
301
302
301
302
300
302
302
301
302
301
301
302
301
302
302
301
302
302
303
301
303
301
301
301
302
302
302
301
301
301
302
301
301
301
301
302
302
302
302
301
302
302
302
301
302
302
302
301
301
301
302
301
301
302
302
301
302
302
301
301
302
302
302
301
302
302
302
301
302
302
302
302
301
302
302
301
302
301
302
301
301
301
301
302
302
302
302
302
302
302
302
300
302
301
302
301
302
302
301
302
301
302
302
302
302
301
302
302
301
301
302
303
302
302
302
302
301
299
303
302
301
302
301
302
301
301
301
301
302
301
301
302
302
301
302
303
301
302
301
301
302
303
300
297
301
304
302
304
300
302
302
303
305
301
299
302
299
297
299
307
304
302
301
303
301
301
300
304
303
301
300
301
305
302
294
296
304
307
304
303
302
299
302
305
299
301
300
297
304
308
305
289
294
315
304
298
296
301
307
303
300
299
301
311
300
283
299
307
306
309
305
294
298
289
298
322
316
244
317
308
290
308
290
308
305
310
231
309
335
295
291
311
295
285
301
284
306
282
346
302
287
289
286
323
251
313
285
318
276
379
222
289
338
357
298
273
357
298
263
370
263
261
333
313
328
332
216
307
287
291
309
347
249
307
304
293
290
332
318
284
265
331
329
258
348
270
322
356
234
318
348
358
282
267
288
305
319
301
225
293
364
275
235
341
345
276
238
338
406
266
247
383
289
312
336
375
206
319
300
356
211
371
226
312
355
345
300
244
337
316
314
265
277
381
240
384
210
357
251
341
360
291
324
260
271
323
292
277
305
369
182
274
319
288
373
302
266
320
203
326
323
303
308
283
281
298
433
261
318
263
331
268
346
299
319
247
399
353
150
275
278
365
281
273
344
270
355
306
283
363
318
227
277
302
290
302
259
208
397
293
453
184
341
373
296
215
365
405
218
332
306
263
294
375
253
257
296
340
287
363
242
337
288
322
283
322
277
329
438
218
288
350
308
188
264
366
370
202
284
290
325
304
313
297
356
220
297
319
283
348
213
294
294
376
277
294
283
309
306
290
304
294
334
324
372
180
287
372
259
326
298
288
313
270
311
313
318
265
309
305
277
266
316
323
283
299
299
302
305
302
308
296
295
319
304
285
330
291
287
309
305
302
286
291
319
276
291
326
307
297
293
310
305
298
311
291
308
326
298
311
292
283
288
318
300
290
307
309
316
259
314
281
315
305
278
307
290
299
290
297
334
308
299
279
306
300
305
313
292
307
312
308
297
298
307
302
300
289
321
299
288
285
324
325
299
308
272
313
311
303
297
316
283
291
313
323
291
290
310
301
281
321
300
294
285
317
289
295
334
309
282
307
286
331
297
296
296
299
298
271
329
301
313
317
300
313
297
306
298
297
305
300
328
287
278
289
313
308
303
301
282
312
299
299
311
298
296
302
309
326
288
292
329
329
286
288
292
309
314
294
297
285
315
302
294
309
294
288
323
298
296
294
293
277
342
313
288
299
288
295
329
279
300
295
297
314
304
298
300
295
305
315
285
290
318
304
303
305
300
300
308
305
290
304
302
277
333
296
295
297
310
291
310
301
306
300
302
324
288
288
321
316
298
292
290
315
297
306
295
297
306
307
294
307
296
309
306
310
283
306
282
307
325
282
292
303
318
296
341
286
295
282
287
335
301
334
280
285
312
321
288
314
286
280
324
325
305
289
292
294
310
304
308
311
294
302
296
314
300
292
291
312
288
301
306
305
301
300
306
289
304
323
297
295
315
285
310
306
320
284
278
329
277
298
322
283
288
318
279
301
311
298
294
297
326
243
318
322
317
317
225
320
313
324
301
295
285
307
275
329
288
314
316
318
252
307
329
309
283
298
308
302
292
342
276
301
323
305
287
293
279
302
310
332
283
291
302
324
286
312
300
288
298
322
297
312
286
301
294
308
316
299
285
302
305
300
302
304
300
295
302
313
283
305
306
302
302
303
302
301
301
300
302
301
304
298
302
306
304
296
292
308
306
304
302
303
300
302
301
301
302
302
302
301
303
302
302
300
302
302
301
302
301
301
301
301
303
302
301
301
302
302
301
301
302
302
301
301
301
302
301
302
301
301
302
302
302
302
302
301
302
302
301
303
304
298
301
303
302
303
301
302
300
302
301
303
302
301
302
301
302
301
302
303
302
302
299
302
300
301
302
303
301
302
301
301
301
302
299
303
301
302
300
300
300
302
302
303
303
301
300
302
302
302
301
303
301
297
312
298
296
306
305
302
304
302
301
301
302
302
302
312
295
291
306
304
303
303
302
302
301
300
301
302
305
302
294
302
297
302
308
303
301
305
299
292
309
306
313
293
294
303
314
297
300
305
307
296
298
314
297
288
295
315
298
308
298
305
301
309
292
313
289
300
312
293
301
314
297
288
310
301
305
305
304
300
293
312
293
308
301
300
312
302
288
297
310
305
298
294
301
313
319
290
304
294
310
300
289
309
293
288
290
331
306
306
292
314
283
285
319
303
288
293
323
307
289
306
294
297
307
320
265
297
327
304
299
284
289
324
298
273
313
318
311
304
276
342
274
304
295
318
285
342
308
243
284
324
305
317
285
308
371
228
332
302
325
258
297
304
275
271
372
275
293
342
284
288
298
284
331
276
269
349
291
294
327
310
257
310
335
345
256
279
311
297
307
295
311
296
330
299
278
256
343
342
321
215
312
329
343
301
231
360
298
361
216
331
353
299
262
346
273
274
292
349
337
243
292
312
323
322
202
268
334
388
253
287
304
326
337
286
231
289
315
412
216
251
316
327
360
273
264
307
308
331
254
308
318
233
336
343
267
294
323
338
277
294
314
317
240
219
312
400
312
245
299
338
299
326
287
412
233
269
287
348
306
262
413
370
244
213
400
288
290
316
374
281
261
320
415
224
341
412
235
272
335
250
284
356
319
491
100
381
377
217
327
344
264
237
299
402
318
336
149
362
378
270
397
230
246
279
355
276
337
457
158
302
332
357
404
101
371
376
279
299
190
314
251
299
257
414
172
227
436
279
221
385
388
142
279
395
276
343
240
195
335
317
315
351
168
253
376
264
343
436
86
328
439
393
143
397
301
248
316
347
128
336
409
270
258
235
375
299
231
309
319
320
335
296
246
339
334
249
338
295
294
277
327
285
315
328
217
237
307
312
323
308
275
381
226
343
333
290
243
304
400
273
220
337
366
254
300
325
306
260
299
334
288
241
358
291
301
320
340
242
286
310
403
241
296
315
249
273
330
293
304
232
268
339
306
303
253
308
313
304
394
207
316
339
282
266
296
342
277
285
356
268
298
310
270
333
284
275
292
294
297
308
273
347
305
328
261
312
314
319
292
254
329
300
320
306
297
317
283
304
302
312
291
292
278
342
291
342
285
282
329
307
301
292
305
271
345
302
302
314
299
280
290
302
310
296
296
296
288
329
288
316
280
310
305
292
291
313
312
309
300
294
301
293
294
316
299
323
308
295
303
292
294
312
308
294
293
288
310
290
333
276
321
291
300
286
322
295
291
296
309
303
330
294
307
283
323
314
288
296
298
308
295
274
348
285
274
319
304
306
294
307
283
299
312
284
296
326
305
289
310
292
303
306
301
298
313
331
281
323
319
284
277
291
330
285
334
303
274
318
294
326
327
288
250
343
320
276
317
289
288
314
335
284
281
298
320
308
279
294
300
298
289
303
303
315
274
290
295
343
295
287
307
311
296
299
300
300
304
299
312
308
300
312
303
310
276
328
287
337
318
324
291
291
282
340
291
296
308
285
330
305
283
299
300
300
298
299
288
287
332
300
296
313
309
295
314
303
307
275
308
300
290
318
317
294
292
304
302
260
345
298
299
272
298
303
312
318
284
305
307
281
316
318
294
294
307
312
313
281
298
307
299
307
280
307
311
297
279
329
321
301
288
280
318
302
307
324
290
315
276
324
236
348
320
279
277
318
288
277
348
299
304
295
307
285
287
315
304
287
329
289
308
336
285
282
294
315
318
304
303
296
312
297
280
309
326
282
297
297
308
286
303
295
295
310
291
309
277
339
311
274
309
322
297
264
326
252
358
292
296
308
302
287
300
321
301
297
305
313
285
297
309
288
337
296
295
293
297
330
297
288
299
322
292
294
284
325
259
299
367
307
278
306
296
302
319
293
286
299
316
281
312
293
277
308
320
283
317
292
288
317
301
304
291
311
269
307
323
317
288
292
296
309
269
341
301
290
290
290
326
297
296
321
319
291
290
317
269
324
310
301
269
304
303
303
303
293
307
296
295
283
331
316
291
280
299
307
285
320
304
313
279
284
341
325
282
290
323
294
298
307
281
299
296
304
310
285
306
299
288
326
277
324
300
280
307
313
272
324
283
293
284
325
305
292
300
293
315
301
287
303
327
316
289
297
327
316
240
286
329
311
288
288
329
292
292
311
288
304
306
303
281
331
279
302
311
305
306
307
302
297
299
308
334
265
347
279
285
304
304
305
310
310
298
301
301
300
303
301
299
305
301
297
302
303
305
291
294
299
302
300
310
303
298
297
304
303
302
301
301
301
302
301
300
301
299
304
304
300
306
298
301
302
302
302
302
301
301
302
302
302
300
302
302
302
301
301
302
302
302
301
302
303
301
301
302
303
301
303
301
302
301
302
301
302
302
301
302
302
301
302
302
301
301
301
302
302
301
301
301
303
301
301
301
302
301
302
302
302
301
302
301
301
302
301
302
301
302
302
301
302
301
302
302
302
302
302
302
302
301
302
301
302
301
302
301
302
302
302
302
301
302
302
302
301
302
302
302
302
302
301
301
301
302
301
302
302
301
301
302
301
302
302
301
302
302
302
302
302
302
302
302
301
302
302
302
302
302
301
302
302
301
302
302
302
301
302
302
301
301
301
301
302
302
302
302
301
301
301
302
302
302
302
302
302
301
302
302
301
301
301
302
302
302
302
303
301
302
301
301
301
301
301
302
302
302
302
302
302
301
302
301
301
301
302
302
301
301
301
302
302
301
302
301
302
302
302
302
302
301
301
302
302
302
302
302
302
302
301
301
302
302
302
302
302
302
301
302
301
302
302
302
302
302
302
301
302
302
302
302
302
302
302
301
301
301
301
301
302
302
302
302
302
301
302
302
301
301
302
301
301
302
301
301
302
302
302
301
302
302
302
302
302
301
301
302
301
301
300
301
301
302
302
301
301
301
302
301
301
301
302
301
301
301
302
302
301
302
301
301
302
302
301
302
302
301
302
302
302
302
301
301
302
302
302
301
302
300
302
302
302
302
301
302
302
303
302
301
302
303
304
301
298
298
302
303
302
304
302
303
302
302
301
302
299
303
301
306
303
293
304
299
299
304
302
301
303
302
303
297
301
301
302
305
298
303
300
297
306
306
300
299
301
302
301
302
303
301
301
302
300
302
304
303
303
300
299
300
305
296
303
303
303
302
301
301
301
303
302
301
301
303
310
300
289
301
307
304
303
300
301
302
301
302
301
298
308
301
301
306
303
299
298
303
303
301
309
297
304
302
302
305
306
297
297
300
308
321
280
284
315
305
304
302
301
308
300
298
322
282
292
309
310
306
293
302
301
324
292
292
295
319
304
287
327
283
292
333
294
299
303
315
297
291
308
274
315
298
300
292
328
308
287
302
293
324
303
316
291
296
298
306
302
284
312
262
319
290
315
305
301
319
290
300
297
337
267
301
319
268
298
317
323
310
277
265
304
362
273
312
274
309
281
379
242
292
303
322
314
278
309
319
251
306
317
281
317
303
263
291
314
319
295
274
324
300
290
281
327
300
322
272
286
312
301
307
328
244
305
315
315
289
283
308
295
300
300
280
316
301
265
288
298
321
312
274
329
318
281
316
299
293
278
307
322
300
323
259
320
307
283
290
300
321
279
288
281
290
352
285
309
327
276
286
331
285
283
309
275
310
312
303
309
328
287
292
309
313
299
281
307
300
310
303
296
280
294
341
283
250
332
304
313
295
277
302
306
294
306
298
333
225
298
325
285
283
326
273
319
341
293
309
276
229
311
342
304
319
236
321
286
380
248
262
264
353
301
336
325
221
329
270
380
309
251
261
355
315
339
232
338
291
324
295
314
283
238
334
300
305
305
342
311
264
339
288
269
328
314
243
325
293
381
268
282
301
317
272
335
303
262
315
318
287
299
365
281
347
233
359
275
316
292
281
294
362
239
302
347
277
260
322
292
288
349
298
269
300
271
361
255
298
316
307
314
292
243
327
311
333
277
275
313
308
316
299
289
293
298
292
319
286
312
288
300
308
309
305
303
301
322
287
294
307
305
309
301
305
304
304
296
297
304
300
295
303
298
302
292
299
307
306
297
307
302
298
304
304
303
301
302
303
301
302
301
302
302
302
301
302
300
301
302
304
302
302
300
303
300
301
303
302
302
302
301
302
301
301
301
301
302
302
302
301
301
302
301
301
302
302
302
302
302
302
301
301
301
301
301
301
301
302
302
302
300
301
301
302
301
303
301
302
301
301
301
301
301
300
303
302
301
302
300
301
300
302
306
300
301
302
302
300
302
301
301
300
301
301
304
300
301
301
301
302
301
303
300
301
303
300
301
304
300
301
302
302
300
303
302
301
303
302
302
301
301
301
301
302
302
300
302
300
302
302
301
302
301
303
301
301
304
304
299
300
302
300
301
303
301
301
302
301
302
300
301
304
304
301
302
302
301
301
303
304
301
301
302
301
303
301
301
306
301
304
301
303
301
303
300
306
300
303
298
303
301
301
303
301
302
301
303
301
302
303
299
300
302
302
301
302
302
301
304
302
300
303
300
303
302
301
303
301
301
303
301
300
301
301
300
300
305
301
302
303
302
300
301
300
303
303
301
302
302
301
300
301
303
302
300
301
302
303
301
301
301
301
302
304
302
301
301
301
304
301
301
304
302
302
303
300
306
301
300
302
302
301
303
301
302
302
300
301
301
302
300
303
301
301
303
302
301
304
301
301
301
302
300
302
303
302
302
301
302
302
301
304
302
317
297
295
299
301
300
302
302
301
302
308
301
303
301
301
302
303
302
301
302
299
301
300
304
303
302
301
300
304
301
302
302
302
301
301
301
301
302
301
302
303
301
301
302
301
301
303
302
301
302
302
300
302
302
301
300
302
301
301
302
302
299
299
301
304
303
302
301
301
301
301
302
302
302
302
302
302
302
305
302
302
300
301
302
302
304
303
301
300
300
299
301
304
303
294
300
302
303
301
303
304
303
302
308
301
292
296
302
302
303
304
303
301
301
302
302
301
302
305
301
303
300
301
302
303
304
303
299
293
302
305
301
303
302
301
301
301
302
302
300
299
299
301
303
303
304
303
303
300
300
304
301
301
302
299
299
303
305
302
303
302
298
303
302
299
303
302
302
298
297
304
305
303
302
301
301
300
300
300
303
304
304
302
300
299
301
304
303
299
301
303
304
302
302
301
301
303
305
302
295
301
308
302
296
299
303
304
302
302
302
302
301
302
302
301
300
302
302
303
301
302
301
303
301
301
303
301
301
301
305
299
304
301
300
302
299
302
301
303
302
302
302
302
302
302
300
300
303
302
301
301
302
301
301
301
302
302
301
302
302
302
302
301
302
302
302
301
302
301
302
302
302
302
302
302
301
301
302
301
302
303
301
302
300
302
301
301
302
301
301
301
302
302
302
302
302
301
302
301
301
301
301
302
302
302
301
301
302
302
301
301
302
302
302
302
301
301
301
301
302
302
302
301
300
301
302
302
302
302
302
303
301
301
302
301
302
301
301
301
302
301
301
302
302
303
302
301
301
302
302
302
301
302
302
302
301
301
302
303
301
299
304
302
300
301
303
300
305
299
299
304
302
305
299
301
302
302
302
303
296
299
302
302
302
299
304
302
305
301
297
303
305
300
299
301
301
302
301
299
301
303
301
304
301
303
301
299
298
302
303
301
302
302
302
302
298
305
304
301
303
301
301
300
298
301
304
304
300
303
301
302
300
303
301
301
301
303
299
303
301
302
300
300
302
301
301
301
301
302
301
301
303
302
301
303
298
301
298
304
301
301
300
302
301
303
301
301
305
299
301
301
305
301
300
304
302
301
301
303
299
305
302
304
302
300
303
301
299
302
301
299
304
301
306
303
302
296
302
300
305
304
300
302
302
301
302
299
298
306
299
298
305
303
299
300
309
293
300
305
303
303
296
302
302
307
299
292
302
305
305
305
298
300
296
305
306
301
303
299
308
289
314
305
301
296
300
308
301
311
288
299
306
306
304
300
298
305
276
312
305
295
308
292
288
312
309
298
308
296
308
300
284
325
294
303
290
294
291
305
310
300
288
292
316
293
305
313
306
294
303
300
286
290
322
288
334
277
285
320
308
303
302
305
299
305
290
286
294
324
285
305
319
279
315
290
296
301
315
298
308
303
264
317
308
309
309
290
295
305
305
337
268
289
307
310
349
279
279
320
309
308
285
311
308
319
299
288
315
314
264
267
333
310
328
277
326
291
320
252
275
345
289
326
298
313
309
271
351
254
334
294
298
301
324
301
290
250
350
348
243
265
312
271
340
323
277
309
328
235
266
309
372
285
248
266
322
314
301
348
317
255
272
307
343
289
334
235
292
328
302
323
275
282
334
291
263
327
340
375
209
297
354
329
277
355
273
327
232
361
315
272
295
310
326
277
351
272
311
306
355
256
322
308
282
370
226
281
313
319
350
318
172
294
346
343
334
255
337
285
354
326
278
351
362
235
261
346
318
374
255
261
359
264
301
287
285
302
372
320
227
325
346
252
250
338
309
287
306
332
290
290
246
344
336
236
285
374
271
294
381
231
318
210
288
346
286
254
416
229
306
302
237
394
270
281
296
397
340
258
273
296
395
297
223
409
232
292
296
331
367
272
221
304
359
423
249
279
204
427
258
316
363
249
345
293
371
318
224
345
366
240
283
231
242
424
265
302
325
264
258
227
384
413
219
289
312
428
243
282
388
222
282
208
311
466
216
310
315
283
316
314
309
291
305
298
313
245
205
363
326
246
266
331
312
303
274
338
268
280
329
354
346
232
270
327
369
298
278
355
341
255
311
327
281
306
295
313
341
260
296
323
349
261
285
338
289
305
286
334
312
274
294
292
313
308
303
315
274
320
250
339
293
331
312
267
306
314
284
314
272
310
289
335
309
270
327
302
273
307
320
305
296
318
238
333
314
302
306
286
273
331
307
284
295
335
303
304
304
307
292
236
353
321
278
291
282
274
338
306
336
292
313
306
223
350
318
285
275
342
298
261
332
299
289
308
273
324
312
308
264
340
311
266
320
308
279
334
303
272
328
322
298
301
315
319
294
287
309
313
267
324
270
339
318
238
331
316
276
299
328
278
301
304
288
317
309
306
293
314
298
292
295
296
320
281
308
285
272
316
318
290
274
324
345
340
283
276
303
310
307
317
287
286
314
284
307
293
333
315
268
308
290
303
249
325
322
311
218
363
313
272
322
303
285
323
283
290
349
292
284
313
280
295
320
301
272
348
310
308
278
260
328
279
319
320
311
272
342
317
288
266
336
298
289
304
318
295
293
294
306
295
264
332
291
302
334
305
310
291
303
306
309
289
300
285
294
332
299
286
310
316
288
289
309
304
304
303
298
299
305
309
299
297
302
300
302
314
302
296
302
295
287
295
303
296
314
300
299
301
301
304
317
289
298
300
302
301
302
303
300
301
279
316
310
302
292
298
309
302
296
298
297
300
316
295
307
294
302
297
294
290
336
299
282
291
300
322
302
308
295
298
301
311
299
297
304
319
302
275
347
308
288
296
305
292
293
318
309
295
297
288
312
309
294
298
294
307
307
290
301
300
299
308
303
295
310
291
279
296
314
299
312
295
295
320
298
298
287
309
298
310
315
291
299
297
316
289
303
339
304
278
304
299
322
263
333
294
314
318
289
303
310
305
301
304
302
313
315
298
287
309
294
303
305
290
322
297
323
306
290
283
306
289
305
301
311
300
284
331
290
321
294
339
269
273
314
272
313
301
289
297
328
298
277
297
323
287
304
306
304
310
289
318
294
298
293
327
315
313
237
343
305
330
288
293
295
294
301
302
299
305
335
265
310
318
298
307
289
307
286
284
305
301
331
282
342
282
294
310
273
284
303
324
323
286
301
302
326
293
293
303
318
302
300
288
290
317
337
264
290
314
317
294
286
306
307
305
300
304
301
301
302
301
303
301
304
302
302
302
300
299
301
300
298
297
304
306
299
295
330
280
296
306
301
295
297
301
307
303
303
302
301
301
301
302
302
303
301
301
301
301
302
301
302
301
301
302
303
302
301
301
301
302
302
302
301
301
302
302
301
301
302
301
302
302
302
300
305
301
302
302
301
302
301
302
302
301
302
302
301
302
303
301
301
302
302
302
301
301
302
301
302
302
301
301
302
301
301
301
302
302
301
301
301
302
302
301
301
302
302
301
301
302
301
301
302
301
302
302
301
303
303
301
302
303
302
302
301
302
300
301
303
300
303
301
302
301
302
302
302
302
301
299
305
300
301
300
303
301
301
302
301
301
303
301
301
302
301
302
300
304
301
301
300
303
301
301
302
300
305
302
299
302
303
301
301
302
302
302
301
302
301
303
300
301
301
303
301
302
302
301
300
303
302
300
304
301
301
302
301
302
302
301
301
298
304
302
302
302
302
302
301
302
301
301
301
300
301
301
302
302
303
302
302
302
301
301
302
302
302
302
300
302
301
301
302
302
303
302
301
303
301
301
301
302
302
302
302
301
302
301
302
302
302
302
301
301
302
301
302
301
301
302
302
302
301
302
302
301
301
301
302
301
302
301
301
301
302
302
302
301
301
301
302
301
301
302
302
301
301
302
302
302
301
302
302
301
301
302
302
302
301
302
302
302
301
302
301
303
301
303
301
301
302
300
302
301
301
303
303
300
301
300
303
302
301
302
301
302
302
302
301
302
300
303
301
303
302
302
301
301
302
303
302
302
302
302
302
300
304
301
303
302
302
301
301
302
302
302
303
300
301
301
302
302
301
300
304
300
301
300
301
302
301
302
302
301
301
306
300
301
301
302
301
302
304
301
302
300
302
302
299
302
302
301
301
303
301
302
302
303
301
301
301
301
300
301
301
301
301
301
301
301
300
301
301
302
301
302
302
304
301
301
301
302
302
303
301
303
301
301
301
302
302
301
301
301
302
301
302
301
302
301
301
302
301
302
301
301
300
302
302
300
302
301
302
301
302
302
301
302
301
301
302
301
301
302
301
300
302
302
302
305
300
307
289
301
310
288
301
314
301
260
308
311
307
303
301
302
301
301
301
301
301
301
301
302
300
302
301
301
302
302
302
303
302
302
301
301
301
301
302
302
301
302
301
301
302
301
302
301
301
302
306
299
295
301
310
301
303
294
297
312
308
285
308
292
341
322
227
290
343
299
299
311
304
305
304
301
301
301
301
300
301
302
302
302
301
301
302
302
301
301
302
302
301
302
301
302
302
301
300
303
302
301
301
301
301
301
302
302
301
302
301
301
301
302
302
302
301
302
301
302
301
302
301
302
302
302
301
302
302
302
301
302
302
302
303
301
302
301
302
301
302
302
300
303
301
301
301
302
301
302
303
305
300
300
302
303
304
302
301
305
298
300
301
303
303
304
301
296
311
287
307
286
301
306
310
305
303
297
300
299
305
300
308
299
297
297
312
302
295
308
306
298
300
302
315
290
316
299
301
303
300
303
305
303
296
307
306
291
304
300
305
301
304
299
298
306
294
301
309
299
302
304
297
300
302
295
304
302
305
302
302
302
302
299
304
303
305
292
304
304
306
309
293
305
303
301
307
302
298
302
306
294
299
305
285
306
312
300
296
295
307
315
292
298
327
284
280
318
301
291
310
302
309
298
311
309
283
302
306
289
312
310
296
292
307
305
350
259
296
295
309
297
297
312
282
316
310
286
299
329
315
259
310
303
298
297
315
280
310
298
297
328
254
313
320
309
300
306
277
345
301
295
293
289
324
296
281
319
298
286
309
343
267
275
307
336
313
264
329
316
287
288
296
327
294
258
366
303
284
307
290
318
295
324
317
260
308
307
325
269
292
304
290
334
295
302
284
306
296
369
358
254
328
253
298
345
288
343
288
257
321
334
240
304
344
249
378
287
289
309
265
323
270
243
327
272
337
343
319
253
282
299
292
342
286
320
276
302
314
272
229
443
231
332
259
319
350
317
288
309
341
251
300
285
307
317
239
299
432
242
290
304
263
321
325
372
176
304
345
322
276
321
202
278
466
280
229
316
336
265
293
226
392
255
314
428
296
325
345
217
299
390
240
369
188
366
364
277
296
162
299
308
282
291
271
340
255
375
299
275
363
291
287
268
204
319
361
369
261
281
306
352
228
353
333
255
290
366
259
301
216
302
278
278
301
300
380
271
229
368
310
251
253
302
265
391
257
279
268
242
364
357
222
196
336
456
276
230
195
342
384
314
270
315
199
302
359
279
242
390
176
316
343
302
256
278
284
284
399
205
271
339
310
401
175
312
316
418
218
290
328
289
385
194
304
311
357
262
359
273
303
274
473
203
287
333
363
207
340
308
287
314
264
305
254
334
338
280
316
300
295
286
295
315
255
360
228
298
295
398
281
248
350
316
313
279
289
263
322
340
262
303
312
308
309
295
316
250
327
309
259
313
309
291
300
312
294
300
300
311
301
304
323
275
301
306
304
288
303
300
301
296
306
310
306
295
338
320
295
284
304
317
312
282
298
312
306
295
294
283
309
313
291
297
322
292
306
299
308
303
297
302
276
322
329
282
268
313
308
281
303
298
302
302
299
294
299
322
339
258
324
293
291
303
295
311
305
297
256
331
316
306
295
291
298
289
332
280
317
289
310
299
292
300
303
310
303
292
305
294
326
339
280
323
278
305
312
309
306
276
330
265
322
276
305
346
257
297
292
302
307
289
307
262
323
283
337
328
292
288
300
297
312
294
310
322
318
314
284
303
285
299
329
292
292
305
291
317
306
304
297
306
298
308
318
300
297
299
292
316
288
285
321
311
302
280
336
297
284
309
305
307
291
304
290
306
295
301
294
297
304
310
315
293
303
315
290
305
271
312
300
302
300
307
298
286
305
321
297
295
306
300
305
314
304
293
298
320
282
276
305
325
288
301
298
307
312
311
284
296
288
303
292
300
281
307
304
318
310
264
319
313
296
308
280
322
304
308
298
315
308
280
319
296
318
282
285
310
310
314
298
295
287
315
303
269
312
287
310
333
290
297
312
297
279
340
282
254
320
315
288
328
301
296
284
317
283
295
255
321
335
288
241
325
322
309
267
303
336
308
267
306
313
294
306
301
302
303
302
302
309
287
302
308
306
307
305
301
301
300
298
298
300
299
300
300
300
300
302
303
307
297
300
303
296
299
304
306
303
302
301
300
303
300
300
301
302
301
301
300
302
302
302
302
302
302
301
301
302
302
302
302
301
302
301
302
302
301
301
301
301
301
301
302
301
302
302
302
302
302
301
302
301
301
303
300
301
301
301
302
302
300
304
303
301
300
300
305
300
301
301
301
301
302
300
304
301
301
301
302
302
302
303
301
302
302
303
301
301
300
302
302
302
300
304
301
302
301
301
300
302
301
303
301
301
301
302
303
302
300
303
302
302
300
301
302
302
302
301
301
303
301
302
302
301
302
299
304
303
301
306
301
300
301
302
301
302
301
302
301
302
301
303
301
300
302
301
303
300
302
300
300
303
302
301
300
303
303
301
301
301
303
301
301
301
304
303
300
303
301
302
300
301
301
304
301
301
300
303
301
302
301
303
303
301
300
303
301
303
301
300
303
300
302
301
302
300
300
303
302
301
302
300
306
301
301
300
305
301
303
301
302
303
301
302
302
303
301
302
301
301
302
301
302
302
300
302
301
303
297
307
300
301
301
302
303
301
304
301
303
301
302
301
302
301
300
300
302
301
301
304
300
302
302
302
301