317
317
316
316
315
314
312
308
307
307
306
305
302
300
290
316
289
307
301
310
313
299
296
308
311
293
279
299
318
333
269
310
298
281
329
303
298
288
309
308
317
282
310
300
290
333
274
329
282
332
286
284
293
345
289
300
322
300
283
275
272
322
288
251
329
313
301
297
294
282
337
285
296
322
298
297
295
322
333
280
312
300
302
300
313
305
275
334
313
320
300
229
338
317
224
324
306
313
303
312
288
312
324
296
299
312
305
309
295
316
282
296
325
289
285
336
303
281
292
294
351
271
311
303
267
299
314
303
260
275
360
320
243
329
301
247
345
328
282
254
332
293
294
267
335
309
280
322
346
269
274
304
313
316
285
290
294
307
314
303
292
290
309
317
317
278
281
322
310
341
255
271
360
330
259
260
307
339
311
280
261
337
307
288
289
336
283
304
269
341
301
290
324
276
290
339
307
321
281
283
346
290
309
321
289
289
323
363
267
303
282
342
281
314
306
303
294
303
269
337
307
289
309
299
295
253
375
294
308
276
288
325
257
369
282
280
341
263
282
320
287
317
304
279
322
267
337
310
285
308
316
289
303
293
271
329
289
306
291
292
307
297
311
321
290
291
300
318
278
339
283
297
269
386
273
288
314
292
305
298
302
282
302
334
285
307
300
291
266
390
285
304
277
313
306
298
283
310
307
293
323
292
303
294
298
291
324
296
301
284
301
320
304
287
304
295
295
302
302
290
306
301
287
308
303
299
293
311
300
303
294
315
292
308
300
287
312
312
297
288
312
300
316
298
293
282
324
294
294
297
300
298
300
303
295
306
297
302
286
317
309
295
302
299
298
306
307
295
311
294
310
298
295
300
314
298
302
311
296
294
295
280
332
299
290
299
298
305
304
309
300
302
307
294
293
311
306
293
301
297
300
303
301
298
316
304
301
298
301
302
300
294
304
300
297
290
314
296
299
299
298
298
292
322
290
293
310
298
292
308
294
302
293
301
287
317
298
301
301
298
305
291
323
299
299
304
301
299
290
323
297
300
290
303
306
305
290
302
303
285
302
302
314
290
300
301
300
293
312
308
287
318
300
297
296
301
298
310
301
298
298
288
332
317
290
311
281
325
299
297
297
303
299
291
317
299
307
298
294
298
315
302
291
306
298
299
299
304
303
294
303
298
297
297
309
289
292
319
292
314
292
300
305
299
302
297
310
293
325
278
338
292
288
305
300
301
300
304
291
324
289
307
311
292
291
302
313
304
289
302
297
300
303
298
297
307
313
282
300
304
294
310
290
314
330
292
304
301
293
293
310
299
293
298
298
287
325
299
293
307
298
295
303
302
285
326
291
276
310
320
287
302
295
298
299
298
304
302
290
319
289
310
306
291
317
294
326
281
296
298
302
302
302
306
299
297
314
285
316
301
275
340
298
290
295
302
308
292
310
290
320
291
297
335
296
295
305
302
295
300
297
315
296
315
302
290
301
290
315
301
304
328
287
290
327
290
294
303
305
300
302
304
287
308
296
305
316
291
306
301
296
297
308
300
307
298
297
311
313
300
298
315
290
316
299
294
295
298
301
300
321
299
287
296
307
277
339
318
277
304
294
293
318
296
303
287
292
336
294
297
284
286
334
285
317
305
294
307
295
291
328
293
289
285
314
288
320
312
290
298
312
281
309
330
321
287
288
287
323
341
313
276
291
289
315
279
309
333
292
285
306
259
350
310
294
293
296
303
293
284
330
285
278
341
291
286
262
339
307
296
323
288
276
284
290
327
303
298
283
311
339
291
290
276
329
308
288
316
302
278
310
292
299
295
314
293
289
309
327
297
286
294
297
312
292
293
311
297
289
308
282
316
296
303
315
295
305
310
303
249
329
312
282
292
308
298
302
311
299
295
306
306
306
307
294
294
309
300
292
320
296
302
294
286
313
300
294
303
316
306
309
302
305
268
338
293
299
298
295
304
295
302
308
288
324
307
299
303
302
295
289
305
292
307
309
293
295
298
304
308
307
302
298
300
299
301
297
297
307
303
297
301
303
308
291
303
305
310
293
303
302
298
307
306
302
302
300
303
304
294
310
299
300
307
299
296
304
305
298
301
301
302
302
302
302
304
300
301
301
302
302
296
304
301
303
306
299
300
300
304
301
302
302
299
302
301
301
303
306
301
301
300
308
296
302
305
303
300
301
301
304
300
299
305
302
301
302
300
301
303
301
299
306
302
302
299
299
302
303
303
301
300
303
302
298
303
305
301
302
302
304
300
300
303
302
306
299
301
299
300
301
303
301
301
302
302
301
302
301
302
301
302
297
299
305
302
301
302
301
302
302
303
302
301
302
302
301
301
302
301
305
305
300
300
301
301
301
302
302
302
301
301
305
300
300
305
298
301
303
302
307
297
301
305
302
301
302
299
302
302
300
301
299
303
302
302
301
301
300
302
304
300
302
302
299
307
302
303
303
301
302
302
300
301
302
304
302
301
302
300
303
302
301
301
300
302
302
302
301
302
302
301
305
304
298
301
304
299
306
301
301
302
302
301
304
302
301
302
306
290
307
306
297
306
301
298
302
299
310
314
290
299
300
296
303
308
313
295
300
308
293
304
294
311
302
296
298
318
292
292
316
312
312
276
291
311
309
305
289
294
333
301
307
304
272
331
272
291
314
331
305
285
298
286
323
289
283
281
308
290
323
301
289
299
308
307
300
309
306
313
322
285
293
324
318
281
315
282
313
277
310
334
302
293
293
296
301
329
265
311
272
281
317
309
299
301
330
295
308
293
307
300
325
304
245
349
268
330
281
298
330
284
304
275
311
300
325
239
337
351
299
267
288
288
324
319
317
329
306
314
285
267
322
270
310
290
311
326
291
296
320
315
285
296
322
294
351
326
257
310
313
277
247
378
304
307
300
296
296
299
268
276
387
253
337
306
226
296
299
395
236
296
312
281
334
285
301
344
311
267
296
318
302
288
299
369
281
300
275
324
281
323
281
313
329
289
304
302
274
302
311
329
311
286
308
319
309
281
325
288
287
301
370
283
292
296
233
359
317
253
351
275
303
300
304
284
331
264
294
289
411
271
260
293
322
324
287
250
305
384
282
304
267
337
286
265
322
237
330
327
261
274
296
277
380
290
303
256
293
381
287
286
245
372
286
267
303
345
266
312
268
288
321
281
319
272
336
294
303
279
293
304
330
275
306
302
278
327
323
272
312
291
312
335
277
288
300
299
304
339
285
292
326
289
275
317
311
280
313
274
298
329
304
276
262
378
280
290
301
323
284
282
310
288
329
281
335
308
281
290
295
300
313
308
262
360
263
325
287
289
240
403
325
299
246
396
311
303
281
307
281
284
286
342
260
365
270
289
345
301
278
299
285
286
365
267
328
304
280
326
268
301
311
304
280
331
289
278
334
296
299
286
333
288
291
308
296
329
305
299
312
293
321
291
299
299
297
309
297
295
296
294
305
301
308
292
320
293
288
325
295
295
302
300
293
299
314
312
289
300
290
308
342
289
286
289
297
321
301
290
311
288
300
301
310
293
295
299
302
300
301
303
310
287
313
326
287
294
298
303
297
290
335
295
296
301
304
291
306
306
312
285
329
290
300
305
298
278
322
316
298
293
316
295
307
289
307
326
294
295
285
320
311
289
304
297
292
305
303
301
296
319
327
299
297
292
297
305
307
297
301
294
310
291
336
288
290
294
301
297
309
300
301
298
313
307
289
297
315
298
277
325
307
285
289
311
296
303
291
309
302
301
287
303
298
300
288
311
298
304
283
318
306
299
301
328
286
326
290
302
312
296
290
322
298
292
311
305
284
317
291
318
304
293
297
310
295
301
309
301
291
293
317
298
288
317
308
304
297
296
308
291
329
283
301
312
285
329
298
283
301
292
311
316
303
302
292
303
287
315
297
315
310
297
299
299
298
310
311
288
297
298
294
328
288
320
286
294
307
287
315
285
304
323
290
290
307
318
291
302
290
300
289
332
295
305
337
282
295
283
317
295
302
292
297
302
298
308
290
309
298
313
277
339
312
294
292
298
305
298
297
299
306
303
317
285
319
301
296
313
288
296
304
295
294
303
312
280
306
310
294
298
311
291
302
296
283
326
303
295
318
319
299
296
310
282
309
296
326
276
310
318
289
298
290
327
286
308
325
291
300
302
291
307
298
306
295
321
278
319
303
299
307
301
289
304
310
305
291
302
311
298
305
286
332
297
298
285
312
305
310
292
292
305
320
295
296
304
306
305
309
296
316
293
294
339
297
296
299
294
309
298
303
326
273
331
315
305
286
298
320
292
285
313
307
305
303
286
304
322
297
292
298
305
294
302
299
311
298
278
295
316
318
282
311
298
288
318
332
298
291
292
299
287
319
303
282
300
311
304
286
318
292
308
298
304
302
313
293
309
309
282
336
299
298
313
289
294
296
314
311
295
295
297
285
328
310
285
330
288
287
308
303
300
287
315
310
298
305
268
305
331
305
266
327
268
313
321
302
296
294
296
293
318
309
309
292
265
343
298
297
317
299
248
357
303
293
282
300
306
285
294
307
316
303
291
292
280
305
287
354
310
282
289
290
314
283
325
295
297
255
348
305
298
310
281
318
307
282
296
310
268
326
284
314
285
307
312
288
304
291
313
294
300
298
315
298
304
295
293
310
308
297
304
302
314
307
308
246
327
292
308
282
300
312
302
297
307
299
285
307
289
306
328
298
284
276
322
310
300
295
298
311
310
310
291
315
295
284
312
311
292
294
290
277
326
305
291
296
306
315
304
296
312
297
298
311
322
291
288
311
286
299
308
299
305
285
310
304
304
292
316
276
335
307
304
292
321
295
305
290
317
308
298
296
303
298
301
300
296
291
316
298
300
303
298
298
299
302
310
298
305
302
305
299
315
305
307
297
296
300
302
289
305
302
306
307
300
294
306
288
303
303
305
297
300
298
305
301
305
299
299
302
302
302
301
300
301
297
304
301
300
302
301
304
303
301
300
301
300
302
302
301
301
302
301
301
301
302
301
303
302
301
302
302
302
301
302
302
301
300
302
302
302
302
302
302
301
302
302
301
302
301
302
301
302
301
302
302
302
302
301
302
301
301
303
301
301
302
302
302
301
302
301
301
302
301
301
302
302
302
302
301
301
302
301
302
302
302
302
300
302
302
302
301
302
302
301
302
302
302
301
301
302
302
302
303
302
301
302
302
301
301
302
302
301
301
302
302
301
302
301
302
302
302
301
302
301
302
301
304
302
301
301
300
301
301
301
301
302
302
302
301
301
302
302
302
302
301
301
303
301
301
302
301
304
302
301
302
303
301
302
302
302
301
301
302
301
302
302
301
301
301
302
302
302
301
301
302
303
302
303
301
301
302
302
301
301
301
302
302
301
301
301
303
301
301
301
301
303
300
303
301
301
302
302
300
302
301
302
302
302
301
302
301
301
301
301
302
301
302
301
302
301
300
302
302
301
301
302
301
304
300
302
301
302
299
302
302
301
302
301
302
302
302
303
302
300
299
302
299
301
305
301
302
302
302
299
303
305
300
302
304
290
304
313
298
302
300
300
302
301
306
300
298
307
302
298
314
298
299
302
304
303
295
299
306
300
301
306
282
318
288
298
315
293
295
315
297
300
303
282
313
303
305
307
307
271
310
315
301
287
328
283
309
291
298
325
302
301
291
317
309
304
317
290
293
300
316
296
293
318
288
276
317
297
290
298
293
300
325
305
293
283
319
305
291
280
364
257
287
285
308
318
305
284
287
301
305
295
298
304
204
370
288
217
349
280
303
291
278
302
352
282
326
275
303
225
350
334
262
297
249
313
297
296
308
356
288
290
276
328
283
306
315
276
322
296
266
338
249
322
316
301
253
297
310
312
274
326
307
293
307
286
308
342
240
343
281
301
267
299
334
297
264
353
280
230
370
295
281
287
323
354
242
232
416
287
257
310
317
301
284
272
334
337
297
295
291
315
315
288
323
272
283
316
310
316
266
343
311
279
283
309
342
288
289
312
311
304
279
325
316
312
261
302
322
338
298
304
292
277
308
312
327
256
300
317
285
284
307
388
219
310
358
295
292
296
294
321
315
292
292
319
314
288
326
285
270
272
356
336
279
298
278
278
299
353
285
281
308
300
335
330
310
285
266
325
301
295
315
322
270
289
300
296
262
342
293
308
296
275
300
313
273
343
295
289
275
338
291
275
306
322
299
341
273
310
317
293
296
274
342
283
314
295
266
381
274
285
321
286
308
284
303
295
309
282
288
331
304
275
307
289
307
287
316
296
295
294
269
318
306
297
292
299
292
312
294
307
301
288
294
321
297
319
291
294
307
341
310
287
288
304
308
326
296
300
295
274
358
293
290
287
331
290
308
301
295
289
322
299
307
291
298
294
317
303
295
311
282
310
296
313
296
314
297
300
296
301
300
302
297
317
298
304
292
333
279
322
307
288
288
322
299
290
342
283
303
303
286
312
300
307
293
303
308
297
307
295
290
282
322
293
291
299
290
296
311
319
305
281
308
322
290
295
307
285
292
310
296
278
319
313
322
292
313
271
344
313
291
341
292
288
281
316
294
312
274
351
299
285
318
298
292
319
291
300
302
306
282
340
313
282
291
322
339
285
307
330
297
290
310
299
285
303
310
294
305
298
299
302
307
291
307
284
311
293
294
312
308
240
350
261
498
277
237
348
366
249
274
288
293
335
299
296
301
295
291
311
300
290
324
297
267
329
281
301
276
361
288
352
276
278
329
329
289
274
316
303
325
304
272
298
254
367
271
286
336
338
258
295
279
303
264
326
267
305
289
298
288
303
272
316
350
288
267
279
290
314
278
334
286
290
280
300
324
251
347
312
302
328
264
328
317
312
296
273
298
370
279
276
302
275
347
285
273
326
305
293
322
274
335
294
288
277
323
315
287
327
316
267
402
260
295
348
287
291
289
336
302
278
326
300
287
291
297
300
290
253
351
264
291
354
269
296
306
298
301
298
294
300
307
250
372
274
299
270
335
294
297
307
298
305
297
294
315
293
277
318
299
298
276
314
294
295
309
300
299
293
294
314
281
298
320
309
241
382
260
291
320
284
333
279
295
296
317
340
276
295
336
258
333
292
287
310
302
316
274
311
320
286
306
309
282
303
327
302
290
296
306
314
303
297
288
291
326
297
299
288
288
319
294
319
294
307
297
305
305
304
284
293
297
297
291
313
292
320
314
291
284
314
294
309
286
300
317
317
281
298
302
309
306
316
281
285
320
325
301
296
275
324
323
297
287
302
288
320
311
286
303
303
322
292
300
296
298
302
313
277
325
282
260
360
309
296
284
303
291
301
305
303
299
300
306
287
319
299
304
288
317
309
275
301
291
311
305
299
298
290
307
306
275
306
348
305
284
299
306
299
304
311
298
288
307
290
297
293
317
295
285
298
315
276
336
303
289
295
310
303
284
303
317
314
303
301
307
303
304
265
323
326
294
296
297
306
290
288
327
305
290
332
293
287
316
311
304
315
299
210
367
330
281
280
290
296
315
288
323
293
292
303
304
251
307
335
298
272
293
308
299
312
319
259
313
306
279
330
313
290
303
303
257
331
331
284
301
293
303
307
273
328
314
275
304
314
285
333
254
320
311
303
285
316
304
292
296
299
296
311
305
295
315
303
284
298
342
301
285
298
296
298
293
309
316
323
298
300
295
321
314
297
294
293
279
291
329
299
289
322
319
311
293
283
311
306
310
296
305
293
280
310
304
302
290
300
293
310
300
303
275
332
313
275
291
316
295
293
306
311
318
298
298
311
298
299
297
303
313
301
314
294
312
301
323
293
298
290
314
298
298
302
314
306
294
299
299
326
297
296
299
285
309
291
310
300
294
295
302
301
313
310
279
313
311
308
293
296
303
309
300
299
300
299
302
303
299
305
296
318
305
302
293
297
304
304
300
298
305
303
298
302
304
299
303
300
306
298
298
302
302
308
312
301
300
300
301
301
302
302
301
301
301
303
304
302
302
300
301
302
302
301
301
301
303
304
297
301
301
303
303
301
299
302
301
301
302
302
301
302
302
300
303
301
301
302
301
300
302
302
302
301
304
301
301
301
301
302
301
302
302
302
302
302
302
302
301
301
302
302
302
302
302
301
302
301
302
302
301
302
302
302
301
302
301
301
302
302
302
302
302
302
301
302
301
301
302
301
301
302
302
302
302
302
301
301
301
302
302
301
302
302
301
302
302
301
301
301
302
300
303
300
301
301
301
303
302
302
301
302
302
301
301
302
302
301
300
302
302
301
301
302
302
301
302
302
302
301
302
301
302
302
301
301
301
298
304
303
302
300
303
300
302
303
303
300
301
304
304
300
296
308
301
301
300
304
300
295
316
297
311
295
301
291
309
303
300
300
293
304
309
296
296
301
306
313
305
306
302
313
322
279
294
329
306
274
308
307
319
303
274
298
304
290
321
301
305
290
300
296
318
270
339
316
309
290
305
319
303
267
308
308
297
286
345
302
290
282
302
279
312
329
263
343
322
276
299
288
298
293
300
311
288
314
307
297
264
303
280
319
298
265
335
287
332
288
233
305
300
292
305
303
315
291
286
296
290
360
319
252
306
315
302
247
361
328
284
323
263
291
319
297
256
334
318
267
320
320
301
299
312
286
307
298
302
314
304
238
316
278
335
290
273
244
371
306
273
281
333
329
292
275
374
289
262
317
309
275
262
265
389
281
290
313
299
282
315
269
321
301
276
323
312
304
295
271
342
290
318
317
262
323
334
273
299
306
274
341
313
266
301
321
306
285
300
298
314
269
324
283
304
309
290
284
295
319
290
266
334
304
294
276
289
306
356
297
309
252
319
276
336
295
285
315
321
240
338
294
270
328
292
346
270
295
316
314
275
278
311
306
327
298
268
352
273
272
341
262
306
291
324
282
291
341
335
271
272
285
306
295
312
297
313
310
323
259
328
282
294
324
301
282
272
391
274
277
294
303
359
267
252
379
266
277
318
321
277
310
297
314
294
289
284
313
309
299
270
351
291
295
295
308
286
287
327
269
327
281
304
294
278
294
316
313
302
286
304
296
339
281
290
330
323
302
251
381
315
295
283
312
295
298
310
299
314
300
304
307
291
307
309
303
342
277
296
304
295
298
307
300
298
296
300
299
319
286
323
285
298
299
298
301
314
297
295
302
295
301
302
302
349
291
330
287
291
302
311
302
308
298
299
302
301
301
300
284
298
373
274
289
296
307
285
298
295
302
292
326
297
296
300
301
297
308
289
298
285
320
328
288
286
291
318
300
300
295
298
290
310
293
306
324
295
293
283
316
304
290
321
291
300
297
297
296
308
284
318
307
314
283
291
322
299
292
310
295
317
298
299
306
299
283
320
287
320
296
298
298
294
300
323
299
302
304
295
300
295
296
303
297
295
319
322
302
294
306
291
317
306
289
311
297
287
326
311
289
283
338
287
302
299
283
319
312
298
291
312
286
303
326
298
295
296
318
305
292
293
298
299
304
310
294
310
295
300
295
347
290
299
303
299
301
295
320
299
294
295
285
313
302
300
301
285
331
283
323
300
291
298
306
305
286
322
285
299
314
286
295
349
292
296
312
289
308
301
304
297
311
295
300
298
325
283
305
302
321
275
328
306
298
302
294
311
299
299
304
292
311
305
307
294
282
335
292
302
303
295
313
292
296
319
297
300
294
315
298
302
296
311
294
300
284
314
315
292
299
295
299
302
310
297
301
302
318
284
321
284
290
315
293
302
311
288
301
308
302
305
298
304
288
308
307
310
286
306
303
288
317
304
278
320
282
308
305
282
316
294
287
324
310
273
305
310
309
296
296
301
301
305
287
326
323
292
290
298
304
314
306
304
293
296
300
300
305
304
329
290
306
293
298
312
302
305
295
303
316
304
295
287
298
289
326
306
280
298
313
310
282
309
297
297
322
292
290
305
297
309
299
290
307
285
322
309
295
283
304
322
299
304
296
293
290
296
318
300
299
309
293
282
343
289
306
295
300
301
306
289
300
302
289
303
286
309
342
293
282
310
288
323
311
298
295
287
303
313
283
298
315
297
305
279
304
340
243
360
302
282
306
286
296
313
288
309
296
283
330
296
284
333
299
290
315
304
311
302
284
296
305
309
306
288
303
304
322
292
317
311
275
284
292
326
312
292
286
308
292
302
300
325
274
322
310
296
291
299
299
287
309
281
310
321
309
281
300
288
311
286
335
314
281
316
312
296
278
318
303
267
324
298
264
307
328
285
295
325
325
305
299
283
298
293
308
297
320
270
311
336
302
273
307
278
302
345
277
296
296
300
265
350
307
290
277
291
315
286
315
305
297
294
283
318
313
297
310
294
278
334
275
305
287
300
294
304
282
331
310
296
284
314
303
295
314
307
285
301
298
298
310
302
295
298
304
297
296
311
318
298
302
273
324
319
279
307
288
299
304
277
311
319
323
268
287
329
274
331
305
284
305
325
302
293
301
297
316
271
324
315
270
308
294
291
292
330
304
293
319
284
309
292
324
303
293
304
302
303
295
299
293
297
314
303
302
306
301
268
333
290
305
291
306
297
303
298
300
311
305
299
302
296
286
312
313
311
280
318
301
296
302
303
306
302
303
301
309
297
298
298
305
304
300
299
304
301
299
302
302
303
303
296
309
298
299
304
300
305
302
302
302
301
301
301
301
302
301
303
303
302
304
301
301
301
302
304
300
301
302
304
301
302
302
302
302
299
303
300
304
300
302
302
301
302
301
302
301
302
302
301
304
302
302
301
303
301
301
302
301
303
298
302
301
302
301
302
302
301
301
301
301
302
303
301
301
301
303
304
302
301
301
301
301
301
304
302
300
302
301
301
300
303
299
304
301
301
301
301
302
302
300
300
303
301
302
301
301
301
301
304
303
301
301
299
301
303
303
303
298
303
303
300
294
305
305
304
288
301
304
305
304
299
303
304
291
300
306
298
303
278
310
310
296
290
312
306
283
296
305
312
293
306
316
299
304
305
306
297
299
295
318
312
298
305
299
332
267
301
332
246
342
309
249
313
302
261
320
377
309
284
260
306
332
273
304
299
302
284
334
314
294
306
275
304
297
349
293
275
312
274
269
326
246
318
303
318
308
280
298
304
270
266
336
319
287
283
279
255
368
288
276
292
295
328
317
312
299
353
272
348
254
371
337
264
230
329
363
223
307
312
295
260
340
314
313
281
290
261
265
297
328
348
235
341
303
341
201
398
304
268
289
335
272
290
285
256
392
299
291
272
338
286
254
382
322
219
313
260
320
291
300
280
402
264
194
392
310
273
307
283
305
309
282
300
303
339
346
257
301
313
290
300
315
296
400
254
245
319
302
338
279
328
293
298
268
289
355
333
252
294
330
303
297
314
253
325
300
300
301
333
303
279
311
370
270
257
294
353
305
275
277
314
306
318
309
325
262
312
327
318
275
289
301
307
273
327
287
297
305
306
289
320
260
324
310
283
265
345
321
274
316
303
292
288
292
358
277
306
318
283
316
277
294
298
305
351
304
276
291
349
280
298
304
307
299
292
294
294
296
319
313
274
319
330
281
302
294
293
309
276
330
310
267
321
302
292
286
286
317
295
311
285
311
283
303
320
292
305
318
304
296
303
288
303
302
337
296
270
326
289
291
300
306
296
299
289
327
310
299
297
295
284
311
297
293
310
270
322
299
285
301
300
297
304
300
295
323
290
293
266
345
318
286
289
290
338
303
279
310
304
300
305
300
298
304
305
303
307
285
306
297
289
310
284
315
300
301
293
307
295
294
311
302
299
294
314
301
278
324
294
307
298
296
303
294
294
320
289
305
298
294
294
338
281
305
296
303
299
298
307
308
292
330
283
320
292
299
316
294
303
301
304
301
291
306
309
291
301
302
318
279
348
287
291
307
308
293
296
301
299
308
300
300
296
301
321
285
283
314
295
294
317
289
291
303
319
298
298
299
294
302
311
296
300
302
331
298
288
301
302
295
312
306
291
315
304
298
300
300
309
308
285
314
298
302
296
301
300
287
342
310
288
299
303
297
287
325
301
302
291
302
306
295
328
295
286
312
288
305
301
302
293
295
313
297
278
312
319
298
289
288
309
303
295
293
295
288
321
283
332
295
288
298
310
304
300
306
292
298
310
300
301
311
292
290
328
298
291
313
301
300
303
296
288
302
305
305
293
299
310
294
304
305
305
293
299
304
295
309
291
306
300
313
299
296
302
294
307
295
331
291
299
287
321
300
290
293
334
297
307
295
299
303
304
293
300
305
295
296
302
316
287
314
290
310
318
308
291
310
303
301
300
299
319
304
289
301
314
295
288
330
291
292
297
312
297
296
292
310
303
298
302
297
302
322
290
297
299
295
296
305
309
296
300
298
302
334
283
292
320
293
298
290
309
292
311
298
307
289
302
301
293
297
328
301
296
290
306
296
316
286
310
296
305
293
309
326
288
302
300
295
309
296
314
296
286
315
293
298
304
303
303
292
327
282
313
307
294
293
296
312
308
304
279
301
322
297
291
310
311
312
289
298
299
300
302
301
302
303
303
308
305
299
291
322
301
291
313
290
301
319
285
308
300
303
294
314
293
310
304
280
309
317
299
289
297
283
326
311
292
296
311
302
296
295
304
298
296
308
302
278
324
325
282
318
296
286
280
329
301
304
313
296
294
299
289
278
334
306
302
300
294
299
298
304
303
286
304
316
303
289
307
301
295
317
291
303
291
320
311
293
293
284
310
314
305
293
299
315
295
308
297
283
315
322
288
307
302
282
304
296
316
297
301
302
327
305
296
294
292
320
304
291
312
306
304
288
291
327
313
298
252
329
312
279
302
316
288
309
334
288
287
308
295
302
310
306
296
299
309
323
294
301
304
290
295
314
289
302
299
291
301
302
268
333
309
306
319
287
279
313
329
295
286
278
314
311
296
288
309
297
275
347
306
275
303
330
300
282
313
286
328
304
282
291
297
312
296
311
294
295
305
295
294
313
290
302
310
301
306
297
289
315
243
354
286
308
298
298
269
310
318
301
320
298
290
268
320
304
298
298
333
279
319
283
297
333
309
291
294
295
314
288
323
306
296
312
295
311
296
326
305
296
295
281
308
276
331
290
304
305
234
333
311
312
254
323
262
327
295
296
296
306
279
308
314
278
354
287
289
290
292
304
313
289
308
304
306
302
234
398
275
291
294
290
289
310
305
303
298
296
305
294
304
303
283
307
305
292
301
301
300
291
317
299
299
298
298
299
308
309
299
297
284
313
306
289
304
298
304
303
304
297
300
302
303
302
302
302
297
304
303
301
305
300
299
299
301
301
306
301
301
301
300
305
301
300
300
302
301
302
301
302
303
301
301
305
302
303
301
300
298
305
301
299
303
301
302
301
303
299
303
302
300
300
300
305
301
302
302
302
301
304
302
301
300
301
305
303
301
303
301
301
301
302
301
304
302
302
301
304
299
302
304
301
300
302
302
301
302
305
301
300
301
301
300
302
303
299
300
300
302
301
301
298
301
301
307
298
302
301
303
300
300
300
302
301
302
303
303
300
300
303
302
299
302
303
301
299
308
305
299
299
301
301
302
302
302
302
303
302
301
299
303
302
301
304
295
297
310
310
297
297
300
302
301
301
302
302
299
303
302
301
300
303
302
301
303
302
297
311
299
300
305
295
305
307
294
306
306
301
299
295
310
301
301
297
302
301
312
296
304
307
302
289
308
308
299
296
294
312
301
307
285
302
310
281
320
295
312
301
284
287
327
310
289
295
291
320
284
332
292
314
246
365
275
312
296
324
269
370
298
310
286
299
304
334
270
298
297
309
272
302
374
307
221
345
308
304
369
297
277
278
315
303
275
276
370
314
292
260
318
358
301
300
296
293
299
351
285
274
287
303
351
287
322
284
296
275
320
356
336
302
269
249
359
259
346
288
247
393
289
284
288
281
299
321
293
278
308
411
258
290
257
311
301
242
331
350
186
364
270
282
362
281
329
301
247
317
320
256
335
295
353
298
304
282
226
331
326
392
254
278
302
273
309
332
255
311
329
362
282
262
304
350
247
252
355
372
269
226
369
354
251
262
310
307
341
362
272
233
307
331
299
295
297
319
275
319
299
300
288
274
314
351
230
331
282
359
263
272
294
300
320
294
295
345
281
265
370
295
266
337
272
318
299
288
344
312
276
274
289
337
306
282
305
281
333
282
306
295
300
318
283
295
336
273
312
314
296
310
286
299
304
284
306
353
290
324
280
294
347
262
329
303
277
318
297
285
301
311
302
304
286
291
288
356
317
276
288
298
304
293
318
296
302
309
299
299
303
307
309
299
300
274
333
310
300
297
301
296
310
302
299
309
306
295
302
312
296
285
318
290
329
296
295
297
313
299
306
299
302
301
303
301
300
301
294
305
294
310
287
288
316
291
296
308
297
299
301
301
302
303
298
304
299
307
278
332
310
272
326
300
295
297
296
306
307
300
300
300
308
304
300
294
302
304
296
324
305
295
291
304
300
300
309
301
299
295
300
316
284
302
322
286
315
302
296
294
304
291
325
290
292
312
298
297
295
303
296
319
302
309
300
288
297
302
310
297
282
324
293
277
343
283
298
303
306
306
318
282
317
302
284
322
295
301
301
316
286
289
305
301
290
309
298
294
288
323
316
290
292
300
307
300
299
283
326
283
303
307
306
293
297
296
313
293
321
298
293
293
305
280
330
301
294
300
300
295
312
296
298
299
293
308
313
294
292
298
293
323
301
302
291
298
308
301
298
304
307
290
307
305
295
298
300
289
324
298
314
289
301
295
310
285
312
304
316
309
295
302
296
299
301
289
299
297
306
296
302
312
305
316
299
298
292
308
297
310
292
296
296
295
301
299
308
286
327
293
311
294
292
315
298
300
299
305
302
299
293
290
339
293
300
297
290
325
301
289
312
300
297
294
297
307
297
309
301
298
314
294
315
299
296
311
282
317
289
315
296
298
311
290
312
292
299
326
292
314
283
315
293
299
292
302
308
298
303
324
305
287
304
294
309
318
299
291
292
313
295
300
298
292
308
295
310
290
313
284
332
306
290
294
294
288
310
330
294
291
298
306
311
295
283
329
286
312
295
289
294
311
325
284
312
295
300
302
296
281
318
310
298
300
308
286
296
303
305
277
321
309
283
323
297
293
307
308
294
300
316
291
303
281
300
300
323
305
287
286
305
327
312
277
286
318
319
303
277
300
320
312
294
285
297
313
311
285
298
341
295
289
318
273
325
299
313
294
275
315
320
284
306
294
318
305
293
301
318
292
307
306
286
296
312
308
297
301
303
294
303
296
304
326
309
293
277
308
297
312
304
307
288
284
305
312
293
312
274
358
294
278
304
288
329
307
276
318
285
299
301
299
288
311
340
279
322
289
294
289
297
308
303
320
296
290
288
325
293
301
321
307
311
290
293
311
299
308
307
292
319
297
284
305
306
318
278
298
322
285
301
326
276
277
308
299
339
286
284
307
314
307
277
310
308
302
297
325
309
288
316
308
243
325
335
273
318
281
295
324
296
293
307
326
284
283
313
312
280
314
301
304
324
287
307
317
288
281
307
338
293
285
304
293
311
321
308
289
312
272
323
295
282
288
348
299
309
280
303
316
285
343
286
298
280
304
308
311
274
326
301
279
301
309
319
314
299
300
293
298
299
285
327
327
321
290
276
297
311
309
304
303
285
296
319
329
284
279
301
333
297
307
296
275
303
324
314
294
295
265
318
328
275
286
306
309
272
328
268
321
278
310
300
314
296
287
303
296
323
280
323
301
271
316
308
288
341
296
276
308
296
306
319
277
308
298
309
289
307
288
320
320
304
297
274
322
314
321
300
299
296
298
305
312
296
298
304
297
299
294
312
299
304
299
300
313
299
310
296
295
295
289
313
300
302
300
300
301
303
301
301
301
301
297
304
301
302
300
303
301
303
301
303
302
306
300
305
299
301
300
302
303
302
301
302
300
301
300
302
301
301
302
302
300
305
303
300
301
301
301
302
304
301
300
301
302
301
301
302
301
302
302
297
304
302
305
301
301
301
301
302
301
302
302
302
303
301
302
302
301
301
302
302
301
300
300
300
302
304
305
299
301
300
300
300
304
304
301
301
301
302
301
302
302
301
302
301
301
302
301
301
302
302
302
302
302
301
301
302
302
302
301
302
302
302
302
301
302
302
307
299
302
303
300
303
300
302
302
301
303
299
304
303
300
300
302
302
300
302
301
302
302
303
302
302
299
301
300
302
300
301
302
302
302
299
296
302
298
311
302
314
296
300
296
298
305
296
299
296
302
333
281
278
311
311
293
307
311
286
333
289
314
289
294
300
325
362
277
295
294
310
282
305
273
326
304
294
291
315
310
310
297
308
321
282
290
358
333
269
307
312
317
349
295
279
303
321
263
326
299
288
401
322
303
234
325
303
316
286
332
330
291
288
318
291
272
285
348
288
241
312
381
269
287
282
279
317
306
299
295
266
347
319
322
282
282
332
332
282
267
275
373
316
246
333
285
315
298
268
361
297
277
312
332
253
291
361
276
303
263
331
291
333
301
314
295
293
328
312
257
320
312
274
342
314
239
329
272
366
297
311
278
323
293
243
368
285
283
279
408
300
263
274
270
360
300
290
249
383
283
258
315
292
304
346
281
318
304
291
307
280
341
301
256
302
326
325
311
265
270
359
333
314
261
289
301
281
345
280
294
278
315
272
304
305
274
336
268
289
292
356
303
271
290
297
330
267
317
342
262
286
293
333
315
310
274
282
347
281
255
335
299
330
240
343
334
248
314
309
279
318
307
356
277
295
303
313
267
342
274
306
286
313
290
292
323
290
307
283
283
330
316
283
300
312
299
286
246
364
274
315
276
303
284
286
310
293
267
355
283
291
282
314
338
268
295
320
303
317
301
297
306
304
299
300
348
266
335
278
312
323
283
284
334
268
312
311
295
292
295
304
319
291
315
288
309
284
290
305
345
281
300
290
278
331
302
290
295
294
315
293
303
292
293
336
300
336
288
299
301
296
300
307
299
296
300
305
296
295
290
327
327
292
317
292
287
297
330
295
301
298
302
299
292
305
312
286
298
294
311
287
303
320
302
289
306
299
301
292
291
306
288
308
295
294
307
290
327
286
314
308
283
317
296
282
286
293
315
265
307
383
274
264
320
308
293
299
293
281
293
338
301
279
297
309
320
290
329
302
284
292
287
324
291
286
320
297
301
304
300
292
314
313
289
327
295
280
283
315
288
293
297
305
294
305
301
283
329
287
303
365
284
293
312
301
287
331
292
282
301
294
292
306
301
294
301
294
331
314
295
300
284
321
298
328
296
303
304
300
292
312
300
293
313
292
269
314
308
288
306
289
331
298
287
302
299
290
297
289
318
340
291
291
297
302
313
303
304
304
316
294
307
297
315
294
302
328
285
311
308
294
297
298
294
303
316
294
297
299
304
306
301
300
297
288
306
301
295
307
304
296
294
305
301
298
298
302
312
299
298
284
324
296
305
304
295
301
300
302
298
303
296
314
295
300
299
306
290
325
305
296
300
297
296
301
303
306
301
298
305
291
297
299
310
293
293
313
288
321
293
291
301
299
300
303
307
299
303
299
301
301
309
299
308
290
317
294
302
298
300
303
299
296
308
304
290
310
312
294
298
308
293
284
334
306
291
297
290
311
311
291
311
301
300
298
290
323
310
302
288
301
306
305
306
276
302
318
307
293
294
299
306
299
309
299
301
293
300
303
301
312
313
281
296
301
311
300
302
292
303
309
303
285
312
309
291
297
299
327
292
292
293
286
326
308
306
299
288
275
317
327
301
297
299
293
294
298
314
297
298
323
298
294
292
281
316
313
296
305
291
302
302
292
326
305
301
315
281
308
320
305
284
292
305
315
294
304
244
342
319
299
268
323
299
289
310
306
265
339
303
285
288
255
333
349
298
294
289
273
319
297
341
280
302
286
316
310
290
308
330
274
316
307
303
289
295
317
298
274
286
333
304
299
280
321
310
274
313
317
281
313
310
294
283
290
329
308
307
279
314
302
290
292
320
310
291
280
323
294
326
274
308
301
298
301
301
299
292
324
306
301
312
307
319
318
297
281
316
316
196
387
283
291
271
313
350
304
280
252
320
313
292
310
318
234
319
296
304
325
286
312
317
288
280
317
309
286
333
304
297
305
301
281
313
299
295
313
311
291
279
313
318
303
298
296
288
323
304
297
288
308
303
299
298
297
300
303
299
304
301
303
301
296
303
305
300
301
300
302
297
305
301
300
303
301
304
301
301
302
301
302
301
302
300
303
304
301
301
301
301
302
302
302
302
302
302
301
301
302
302
301
301
302
302
302
302
302
302
302
301
301
302
301
301
302
302
301
302
302
302
301
302
301
302
301
301
302
302
301
302
301
302
302
301
301
301
302
301
302
301
301
302
301
302
301
301
301
302
302
301
301
302
301
302
302
301
302
303
301
302
301
301
301
302
302
301
301
301
302
301
302
301
302
302
302
302
301
302
302
302
301
302
302
302
302
302
301
302
301
301
301
302
301
301
302
301
301
302
302
301
302
301
302
302
301
301
302
302
301
301
302
302
302
301
302
302
301
302
302
302
301
302
302
302
302
302
302
301
301
302
302
302
300
302
301
302
302
301
302
302
301
301
301
302
302
301
302
302
301
301
301
301
302
302
302
301
302
301
302
301
302
302
302
301
301
302
302
301
301
302
301
301
302
302
302
302
302
302
301
301
301
301
302
302
301
302
302
302
302
302
301
301
302
302
301
301
302
302
302
301
301
302
301
302
302
302
302
301
301
301
301
301
302
301
301
301
301
301
302
302
301
302
301
301
301
302
301
302
301
301
302
301
302
301
302
302
302
301
301
302
302
301
301
301
302
302
301
302
301
301
302
301
302
301
302
302
302
302
302
302
301
301
301
302
302
302
302
302
301
302
303
302
30