305
306
308
309
310
311
312
312
312
312
312
312
312
313
313
320
287
305
299
291
330
276
280
308
318
313
295
266
328
264
321
276
293
302
328
304
292
287
308
218
311
306
363
294
345
254
294
273
409
261
302
283
218
337
321
316
329
317
207
287
342
401
184
306
347
287
194
368
405
198
316
291
334
259
363
312
132
342
345
335
338
222
197
292
343
422
179
216
415
290
299
308
324
374
197
380
306
298
396
166
265
398
270
349
325
422
130
270
324
334
236
241
231
315
315
349
237
384
166
261
279
321
377
287
336
255
323
368
334
286
377
254
266
259
419
286
341
262
325
326
292
213
422
277
278
336
271
230
454
284
224
308
374
321
287
334
281
311
251
293
410
205
208
368
368
249
288
302
295
345
285
305
328
198
252
302
292
349
325
206
324
362
303
244
332
315
283
324
319
276
320
309
329
244
355
308
318
270
294
302
288
320
295
351
247
310
310
324
270
324
293
309
280
305
292
299
303
304
323
302
286
305
307
307
293
314
301
308
297
309
297
298
305
298
307
303
297
297
313
286
291
317
337
303
277
300
304
285
301
312
303
287
297
313
304
301
301
289
323
295
301
302
312
316
289
308
306
293
307
291
301
301
293
281
313
285
326
290
287
312
305
301
286
291
323
291
303
286
313
297
303
272
333
302
292
293
307
300
292
312
292
305
300
296
299
302
302
301
300
302
301
287
316
311
295
297
297
319
313
293
288
312
315
291
283
320
314
296
297
300
296
290
318
311
298
268
333
314
281
305
298
300
298
297
310
312
301
297
294
281
347
291
285
279
340
315
292
291
297
301
302
303
303
300
303
306
293
308
296
299
299
317
298
310
284
299
306
301
300
301
305
308
297
301
287
313
306
303
298
283
313
299
299
301
300
302
303
297
293
307
292
309
309
293
298
298
298
306
299
302
305
300
300
294
304
296
316
299
301
300
294
299
312
295
305
289
314
292
303
310
297
285
314
303
293
305
292
301
307
306
294
298
298
297
314
324
295
292
295
310
305
293
306
300
300
277
321
302
309
297
300
292
286
331
297
295
305
298
294
305
299
314
294
297
302
293
301
317
305
293
298
299
303
290
324
302
272
326
309
296
294
300
304
300
304
300
296
299
303
318
298
301
309
298
300
303
298
308
296
310
309
290
295
301
307
320
297
295
296
300
304
304
299
304
309
293
300
321
299
285
295
320
302
293
301
299
297
300
307
302
292
308
292
296
309
295
305
297
297
288
324
290
300
298
309
300
310
294
298
296
304
308
299
304
297
296
296
312
307
290
303
303
301
307
303
304
307
297
298
287
303
317
289
321
292
300
296
301
302
303
302
296
305
303
303
307
302
285
287
335
295
304
297
299
291
314
315
302
296
301
298
304
299
287
344
313
299
286
295
306
301
300
298
296
303
309
305
287
305
309
310
307
297
305
298
298
298
311
304
292
291
307
306
304
301
286
291
327
306
299
297
293
298
302
307
288
315
290
317
303
302
294
297
329
299
295
296
303
302
285
297
303
291
316
294
312
296
300
293
306
303
299
315
283
288
293
313
296
311
306
299
291
289
307
311
273
301
309
312
300
276
307
312
296
319
288
295
297
299
307
299
328
289
282
306
316
305
309
273
314
300
345
256
324
326
283
293
304
307
307
282
288
304
292
332
257
294
318
305
292
323
276
319
304
314
315
298
317
281
333
266
335
287
284
306
294
397
262
218
329
331
304
343
329
346
199
345
348
311
315
285
277
315
277
321
324
305
294
311
339
303
301
289
317
317
290
298
307
314
309
282
322
297
312
284
316
316
284
316
333
278
314
283
301
309
297
311
277
313
287
300
285
319
297
279
362
262
294
338
290
297
298
325
264
299
306
290
275
321
332
279
324
289
306
297
281
358
253
310
304
303
294
300
297
300
296
300
299
319
267
256
321
319
307
276
310
307
301
297
304
307
301
283
310
288
289
333
297
304
310
292
303
337
274
293
296
318
310
302
294
280
285
300
308
312
307
275
297
326
300
324
252
303
312
305
301
303
304
301
291
314
290
305
315
286
312
300
296
299
306
301
308
299
309
288
310
304
303
311
288
309
297
305
299
306
299
305
300
298
299
305
303
302
301
302
301
302
301
301
301
302
301
302
302
302
301
302
301
301
302
302
301
300
303
301
301
302
301
302
301
302
302
302
301
302
302
302
302
303
302
302
302
301
302
302
302
302
301
300
302
301
301
302
301
302
302
302
302
302
302
302
302
301
301
302
302
302
303
302
302
303
302
301
301
302
302
302
302
302
301
301
302
303
302
301
301
301
302
302
302
302
301
301
302
301
302
302
301
301
302
301
301
301
302
302
302
303
301
302
301
301
302
301
302
302
301
302
302
301
302
302
303
301
302
301
302
301
302
302
302
301
302
302
302
302
301
302
302
302
302
301
301
302
301
302
301
302
302
302
301
301
302
302
302
301
302
301
301
301
301
301
303
301
302
302
302
302
302
301
301
302
302
302
302
301
302
301
302
301
302
301
302
301
301
302
301
302
301
301
302
302
302
301
302
301
301
301
302
301
302
301
301
301
302
302
301
302
302
302
302
302
301
302
302
301
302
303
303
301
300
301
302
302
302
302
302
302
302
303
301
302
301
302
301
302
302
301
301
302
301
301
301
302
303
300
301
306
298
303
303
300
301
303
302
304
299
296
298
304
304
302
304
301
297
301
306
304
292
297
306
296
311
300
313
289
307
299
317
270
300
314
305
296
306
321
295
297
283
297
319
303
280
322
253
297
322
320
307
310
248
321
226
288
358
359
255
291
307
307
218
333
313
317
333
327
206
339
284
273
331
354
265
315
330
277
324
190
344
301
313
304
421
187
249
377
201
318
350
285
278
412
200
376
289
284
384
246
317
344
263
256
336
319
241
341
293
346
282
297
392
262
231
404
270
258
373
258
233
339
308
264
363
380
223
418
218
228
399
261
276
374
202
353
366
170
413
272
220
401
363
246
422
123
274
421
264
352
212
273
313
282
396
216
375
320
244
290
412
251
245
356
348
255
270
314
335
270
294
317
303
297
199
363
409
347
186
386
380
234
321
286
289
382
272
313
360
260
266
318
360
303
210
312
362
203
280
313
349
258
284
350
275
321
265
257
356
257
284
356
315
287
333
301
323
292
335
283
283
275
295
318
304
330
257
353
286
315
326
282
345
286
322
300
300
304
294
305
312
284
296
316
313
277
308
274
306
304
292
309
303
301
294
279
323
321
291
305
277
310
289
319
294
289
285
303
307
299
300
293
302
315
289
287
296
291
311
281
319
319
308
286
291
300
293
314
284
345
296
275
304
342
291
297
254
348
296
309
302
283
286
312
320
323
281
289
329
304
283
295
262
351
288
276
348
363
282
268
346
331
283
288
286
302
314
286
338
322
293
243
375
282
283
322
318
283
315
296
284
286
315
302
302
300
284
313
324
305
285
274
322
317
307
284
295
333
287
323
284
287
317
305
294
282
327
386
310
280
278
280
326
296
295
334
261
303
247
344
312
298
286
303
302
269
333
298
280
302
284
347
267
308
295
290
359
259
315
282
300
314
317
288
294
294
305
309
296
299
282
355
276
309
328
304
297
265
329
302
294
297
303
307
309
272
348
268
329
302
320
313
289
303
296
314
301
254
362
304
221
369
310
268
343
247
340
274
316
306
290
312
301
286
311
324
290
296
294
322
283
316
325
289
291
281
315
309
317
287
284
307
315
304
299
292
284
314
322
293
282
309
303
321
297
295
297
287
314
325
298
294
286
327
308
296
297
293
294
304
302
327
296
291
298
289
313
290
364
274
288
272
355
285
295
306
278
331
297
291
287
323
297
308
314
281
324
299
287
276
356
284
296
298
293
316
294
319
289
292
308
307
306
298
307
293
292
304
290
311
317
296
294
298
302
293
331
314
283
307
283
319
285
299
333
290
297
299
316
307
289
290
319
283
314
343
267
301
304
284
296
316
287
323
310
291
290
300
305
312
308
294
300
301
300
332
297
284
285
337
295
305
286
308
315
296
277
315
298
305
310
297
332
286
289
307
296
298
304
293
312
298
305
247
329
305
307
320
297
287
308
294
309
307
292
304
303
285
310
313
303
309
276
299
313
287
311
313
296
290
304
296
321
322
290
309
301
302
312
294
297
296
304
302
306
303
292
298
313
315
293
296
299
317
296
293
285
308
310
309
304
288
298
283
326
301
289
298
279
335
295
302
295
291
314
303
299
310
290
313
295
286
307
305
308
301
283
307
294
314
290
310
300
297
284
313
302
293
307
311
305
301
298
299
293
297
313
306
294
294
301
288
323
309
290
300
296
301
297
310
297
298
291
318
303
283
316
273
307
310
298
318
298
301
296
303
296
307
280
326
292
303
297
301
294
307
298
302
293
310
286
304
318
311
304
305
265
331
298
301
302
291
310
305
295
302
316
290
277
298
302
319
300
309
291
307
295
305
315
300
288
301
320
285
286
322
291
316
302
295
297
294
310
290
298
305
288
313
306
281
311
293
306
303
302
307
299
293
313
308
295
304
304
292
307
315
286
329
312
260
305
318
319
284
299
295
293
313
291
310
294
275
278
307
312
300
311
304
300
299
317
285
299
297
343
266
316
296
301
305
304
298
336
308
286
321
322
308
284
323
299
301
311
310
307
295
300
317
295
309
326
297
292
313
313
308
274
310
337
283
289
302
324
306
293
300
298
279
319
301
302
306
304
309
279
304
303
304
303
303
303
302
308
278
296
306
304
303
302
302
298
300
307
302
302
299
302
303
300
302
302
302
300
302
301
300
302
301
302
302
302
300
302
302
301
301
300
302
302
301
301
301
301
302
302
302
300
302
302
302
301
301
301
301
301
301
302
301
302
302
301
301
301
302
302
302
302
302
302
302
301
302
302
302
300
301
302
301
301
301
302
302
302
302
301
302
301
301
301
302
301
301
301
301
301
302
301
301
301
301
302
302
302
302
302
301
302
301
302
302
301
303
302
302
302
302
302
302
302
301
302
301
301
301
302
302
302
301
302
302
302
302
303
301
302
301
301
302
302
302
302
302
301
301
302
302
301
301
301
301
302
302
301
302
301
301
302
301
302
301
302
301
301
301
301
302
301
302
302
301
302
301
301
302
301
302
301
301
302
301
301
302
301
303
302
301
301
301
302
301
301
302
302
302
301
302
302
301
302
301
302
301
301
301
302
301
303
301
301
301
302
301
302
301
303
301
301
302
302
302
302
301
302
301
302
302
303
300
302
302
303
302
300
302
302
301
302
303
301
304
299
300
304
302
299
299
303
303
303
300
303
296
303
303
304
298
299
308
300
299
303
299
304
299
299
307
304
300
308
291
306
301
295
299
297
309
303
292
290
304
306
317
305
305
291
327
285
291
332
290
266
350
284
284
333
260
331
293
276
314
263
286
262
389
217
263
328
337
342
296
217
463
146
359
290
323
175
365
312
295
307
364
274
221
273
432
175
341
364
207
153
426
332
332
244
196
406
342
315
352
214
355
294
378
235
265
319
301
232
416
117
319
359
353
310
261
259
316
202
352
288
213
304
244
346
356
317
243
303
429
207
375
376
239
395
261
369
361
298
187
441
282
282
335
268
245
360
266
267
311
298
262
275
395
349
213
341
438
215
250
349
354
285
300
311
429
238
391
274
292
278
317
199
297
359
260
293
312
305
285
320
324
275
309
331
259
296
338
277
287
347
285
282
266
303
327
297
299
282
322
316
314
296
318
309
281
323
308
298
286
288
329
295
318
255
324
295
308
311
294
302
277
329
295
290
291
298
312
343
275
308
289
282
333
294
328
308
285
295
322
297
286
289
310
243
328
304
324
295
291
274
303
333
295
292
274
334
308
328
293
302
293
265
282
367
301
277
286
302
306
318
295
308
279
325
349
283
326
287
266
290
334
310
292
273
347
283
310
305
264
301
293
325
337
233
297
318
279
290
331
294
288
299
302
287
334
286
220
365
308
309
317
295
312
248
341
316
280
310
305
299
287
328
278
297
276
332
282
326
308
233
347
319
303
286
284
299
298
329
284
317
302
285
302
346
273
295
294
313
275
333
291
296
293
317
300
297
289
322
303
297
291
301
299
291
299
307
306
278
351
283
292
283
307
311
306
299
295
301
303
307
291
292
322
314
288
311
286
287
323
290
306
294
298
299
311
308
303
287
295
325
314
285
304
297
294
304
297
308
301
298
302
300
296
309
304
296
322
299
300
293
295
290
336
290
294
302
301
304
302
302
299
299
303
331
280
314
307
302
292
301
299
304
300
330
293
289
326
291
314
309
291
296
299
308
300
292
310
323
295
309
300
294
301
300
299
296
311
304
317
291
288
311
293
299
293
305
303
284
324
308
289
295
296
305
288
314
315
286
301
306
333
283
297
293
298
311
314
298
292
297
299
308
317
302
286
318
289
289
362
281
285
297
295
307
313
327
288
286
309
305
267
306
319
285
309
308
289
304
305
304
296
297
291
304
302
286
319
300
296
293
299
298
289
342
292
289
299
305
304
313
292
295
330
295
289
307
292
306
309
286
305
289
302
331
302
294
296
304
300
297
311
276
347
296
305
293
297
298
305
304
301
295
308
318
298
292
307
329
282
301
294
302
297
310
294
308
290
315
296
323
305
292
280
330
293
318
304
291
296
312
297
300
304
311
318
286
296
321
269
313
308
298
298
296
291
297
310
311
296
295
293
318
311
293
301
305
296
288
319
312
295
302
285
309
303
293
316
282
314
299
293
312
300
296
302
288
308
303
295
313
294
293
311
293
298
300
304
294
304
302
297
308
314
291
287
310
304
303
302
300
288
295
318
304
306
302
298
295
273
314
321
295
303
298
305
311
297
300
306
316
284
309
308
284
305
300
294
317
308
296
297
286
305
320
316
295
287
304
309
298
312
338
292
271
298
300
307
303
301
308
301
302
295
303
318
305
300
297
297
319
284
312
292
297
315
293
293
307
307
297
301
302
291
307
302
288
293
320
300
297
300
300
297
272
327
309
286
299
303
309
291
300
312
289
292
319
297
305
304
297
309
314
291
291
307
291
311
322
290
306
294
299
298
301
300
306
306
290
294
306
298
304
300
318
297
276
300
301
302
300
294
302
306
295
304
303
300
288
297
324
298
301
310
300
302
307
297
289
296
313
293
327
285
304
307
311
293
304
304
301
320
275
335
270
309
306
326
281
310
290
302
309
303
311
285
304
331
292
345
229
318
315
307
303
298
283
325
301
306
304
292
316
337
234
293
330
319
286
300
287
312
302
277
289
332
335
257
305
308
305
306
312
331
235
315
308
338
270
303
287
313
289
288
335
278
299
302
280
289
332
295
305
293
270
317
345
284
283
284
316
268
327
319
285
298
310
297
348
296
268
310
334
308
307
295
270
311
314
306
314
291
293
301
328
260
309
299
323
300
303
305
310
306
287
313
332
260
309
309
313
284
308
298
310
298
301
305
321
291
308
289
306
301
304
303
302
304
307
285
300
306
304
319
296
298
302
304
302
301
302
302
300
303
301
305
297
299
304
306
299
301
304
302
304
299
302
302
301
301
301
302
302
301
301
304
300
302
302
301
301
302
301
301
302
302
302
300
302
301
303
302
301
301
301
301
301
302
301
302
302
301
301
302
301
302
302
301
301
302
301
302
302
301
301
301
301
300
302
302
302
301
301
302
302
301
302
301
302
302
301
302
302
301
302
301
302
302
301
301
302
302
301
302
302
301
301
302
302
301
302
302
301
302
302
301
301
301
301
302
302
301
301
300
302
301
301
301
302
301
302
300
301
302
302
302
302
302
302
301
302
302
301
302
301
301
302
301
301
301
302
303
302
302
301
301
301
302
302
302
301
303
301
301
301
301
302
301
301
301
303
301
302
301
301
301
302
301
301
302
302
302
301
302
302
302
313
293
297
305
304
300
302
302
302
303
300
298
302
304
302
301
301
302
301
304
300
302
300
302
310
291
294
309
303
303
302
302
301
298
298
312
294
304
310
298
297
295
305
304
304
303
298
313
304
291
317
296
290
322
290
293
304
336
274
270
312
308
323
294
310
382
241
290
321
297
334
343
250
277
355
274
282
290
333
290
258
335
335
244
301
376
386
228
261
339
255
300
326
369
338
164
310
310
319
234
358
334
263
287
286
336
213
347
350
345
240
407
280
273
308
420
278
243
382
270
336
360
283
249
338
460
167
273
272
349
222
370
178
396
256
370
195
442
166
353
399
254
317
292
356
262
313
301
349
261
230
287
329
271
385
271
261
385
264
320
392
97
248
394
329
173
343
297
296
360
228
267
303
355
303
346
252
422
214
239
365
275
256
324
275
264
337
280
359
234
424
250
307
323
255
278
362
261
345
314
363
279
302
306
271
339
306
296
270
292
303
315
292
338
307
226
315
310
321
345
304
269
292
299
315
304
286
295
338
295
317
306
299
301
314
306
297
317
297
293
287
296
273
337
347
281
280
286
326
301
302
291
305
288
327
314
248
315
333
266
317
280
328
341
318
285
272
329
296
264
356
368
318
282
274
284
290
310
326
292
269
321
289
282
311
296
287
325
336
279
302
308
292
323
285
289
294
340
334
265
292
337
336
312
259
303
302
350
304
278
290
292
296
363
273
287
294
263
372
340
262
274
260
341
310
301
301
293
325
281
322
295
307
315
308
290
291
300
306
299
300
297
300
291
304
293
334
312
293
280
303
306
309
299
286
323
291
292
305
306
301
288
315
294
312
299
274
317
330
290
269
275
377
288
292
301
297
304
282
329
304
293
308
297
284
329
321
289
307
311
299
310
286
267
329
318
290
296
287
310
304
310
293
291
302
316
296
301
296
307
272
336
313
281
299
302
290
308
296
292
320
299
292
306
265
348
291
296
302
292
291
322
298
297
295
301
309
303
278
327
309
299
285
313
301
316
294
292
317
298
299
303
301
302
301
298
306
297
305
306
308
276
321
306
286
302
289
308
318
296
299
292
313
306
286
289
304
333
293
287
306
297
293
300
303
297
304
312
305
294
296
304
277
337
297
299
298
293
299
305
317
296
297
291
314
300
306
304
292
288
331
322
288
297
294
311
311
292
296
303
302
297
299
295
316
299
314
302
301
290
307
304
313
294
298
298
301
300
306
303
295
302
308
309
309
293
289
313
300
299
300
300
303
298
313
303
284
302
318
295
295
282
315
302
307
297
295
310
298
303
295
306
310
293
305
294
310
304
290
305
296
299
295
308
300
303
298
318
272
326
296
293
297
306
305
299
309
288
307
306
306
296
309
296
304
311
301
296
307
296
287
297
335
294
298
301
305
301
281
316
311
290
304
291
309
306
301
297
310
296
311
304
298
287
305
309
322
306
287
291
295
301
327
302
293
299
300
286
303
332
289
297
294
289
325
313
288
298
322
297
291
292
304
305
309
301
294
302
305
277
331
306
317
287
295
300
292
298
316
315
290
293
307
271
334
314
298
299
295
308
300
302
298
302
300
309
298
295
300
305
300
306
305
301
287
299
310
303
294
317
300
296
252
332
327
294
309
291
290
294
310
317
299
296
297
302
290
323
299
295
315
297
291
325
301
289
303
301
290
305
305
325
276
311
301
275
314
299
306
296
303
294
322
302
301
285
294
318
290
296
319
282
305
313
298
301
295
308
290
321
331
290
291
308
311
310
302
298
301
311
298
302
293
287
291
285
312
288
315
305
299
306
291
297
322
298
294
304
329
278
285
354
282
299
316
297
292
327
301
298
302
280
289
310
314
301
276
330
306
300
286
302
307
304
292
296
323
303
299
287
290
308
307
287
259
302
320
313
314
297
264
315
310
311
286
306
318
297
302
294
308
279
352
296
265
294
305
304
302
295
306
324
293
278
304
286
295
325
297
310
297
287
300
306
296
313
288
308
266
363
269
306
295
297
331
304
298
299
288
314
297
282
300
297
299
264
312
322
245
297
323
304
305
288
310
284
321
292
318
295
289
294
275
321
313
299
299
296
295
308
310
298
302
303
296
296
297
299
308
299
303
302
303
301
298
298
303
302
299
298
303
301
302
302
299
287
302
310
303
302
299
301
303
306
295
303
301
304
296
304
299
305
302
307
297
306
297
300
305
300
302
303
302
302
301
302
302
302
302
300
302
302
302
301
302
301
301
301
302
301
301
301
302
301
301
301
302
302
301
302
301
302
301
305
297
304
303
302
297
303
304
301
302
301
301
302
301
302
301
301
301
301
302
301
301
301
301
302
302
302
301
301
301
301
301
301
301
301
303
301
302
302
302
301
302
302
302
302
302
301
301
301
301
302
302
302
302
302
301
302
301
302
302
303
301
302
302
301
301
302
301
302
302
302
302
302
302
301
301
302
302
301
301
302
301
301
301
301
301
301
302
301
301
302
301
302
301
301
302
302
302
301
302
301
302
302
301
302
305
297
300
301
303
303
301
300
303
302
302
301
301
301
302
302
301
302
301
300
303
300
301
303
301
301
302
302
302
301
302
301
301
301
303
301
302
301
300
301
301
302
302
301
302
301
303
302
302
301
301
302
300
303
303
302
302
301
302
302
301
301
302
301
302
301
301
303
303
302
301
301
302
301
300
302
300
301
304
301
301
301
302
303
302
301
301
300
301
302
302
301
302
302
301
300
301
301
303
303
300
302
301
301
302
302
302
301
302
301
300
301
302
303
301
301
302
301
302
301
302
302
302
301
301
301
302
301
302
301
302
302
301
302
301
301
303
301
301
302
302
300
302
301
302
302
302
301
302
301
301
301
302
301
301
302
302
301
302
303
301
302
301
302
301
302
302
302
302
301
301
302
300
303
302
301
301
302
302
302
302
301
303
301
302
302
302
302
302
301
301
301
302
302
301
301
301
302
301
301
302
302
302
300
302
303
300
309
294
304
300
294
303
304
301
308
295
303
298
300
294
307
309
293
322
298
278
315
317
309
293
306
247
331
338
290
277
377
258
302
278
334
304
271
361
251
238
300
333
345
232
288
306
366
248
346
204
311
470
156
373
274
471
235
181
343
337
299
263
374
271
342
292
290
333
263
359
285
395
218
173
375
291
282
304
266
282
369
188
273
437
209
403
274
348
254
291
408
295
305
405
167
315
373
343
309
240
390
281
325
291
385
348
177
406
272
241
313
448
167
383
198
306
272
218
362
234
295
279
338
293
420
183
291
348
359
319
128
500
300
291
294
483
123
269
462
211
253
356
300
227
221
288
374
288
316
269
402
187
336
348
273
371
210
202
386
272
306
363
372
190
439
308
221
408
324
199
470
236
231
288
358
327
313
438
183
202
332
380
379
215
320
286
298
371
230
281
308
416
270
323
297
282
313
390
199
305
340
255
281
321
288
254
315
269
326
290
279
320
304
303
323
269
279
311
313
327
253
330
354
264
313
321
304
271
316
274
334
307
307
302
295
300
294
281
298
302
351
325
269
308
328
295
252
324
319
326
308
271
327
271
300
329
302
321
320
277
264
347
238
393
323
281
290
260
323
310
312
289
267
315
349
295
263
252
414
323
259
283
275
313
363
300
290
274
254
339
338
295
250
307
342
308
325
285
297
273
324
327
294
265
314
370
317
264
288
300
303
308
307
250
325
360
266
315
281
289
268
365
289
283
217
407
328
267
280
291
308
297
316
292
284
322
311
234
408
267
232
352
345
330
275
279
289
293
299
302
317
321
280
287
314
318
297
298
282
259
361
296
293
295
271
341
301
298
299
300
299
300
302
304
269
338
319
284
284
301
287
296
327
308
287
297
299
303
301
303
270
319
317
302
319
289
286
302
308
298
304
296
306
297
299
287
315
264
343
346
295
282
293
290
327
299
298
304
292
300
314
319
283
312
278
330
305
291
293
292
303
340
287
284
315
301
297
303
326
293
288
302
286
347
293
296
294
304
308
303
304
290
318
310
291
269
343
316
270
318
283
322
289
299
303
280
328
304
279
295
320
313
289
321
295
303
298
290
306
302
313
289
300
299
276
318
311
309
300
294
254
353
311
286
282
310
307
297
302
301
296
317
283
295
329
291
300
306
291
302
301
296
304
288
320
302
295
296
304
307
318
273
323
294
294
290
309
308
288
323
283
298
315
290
296
297
288
313
309
307
292
301
267
337
299
289
304
312
315
292
294
321
322
325
305
298
289
294
309
284
326
288
287
288
299
294
300
300
288
290
329
294
288
309
271
325
313
293
289
288
303
319
296
314
284
294
298
296
286
303
335
294
295
297
297
286
310
306
321
298
280
345
290
301
301
300
305
292
321
289
311
293
310
263
328
312
285
277
326
293
310
305
292
281
276
342
305
290
315
297
294
284
299
306
303
299
306
278
294
321
307
323
295
285
291
290
322
299
306
305
295
297
286
305
333
277
307
313
290
298
300
297
303
319
288
308
311
314
296
303
292
298
315
296
283
304
302
296
303
306
305
283
317
316
301
284
306
303
307
297
308
294
298
301
300
250
343
308
304
285
289
312
301
310
302
301
307
304
297
293
304
308
308
314
299
279
298
281
325
303
296
295
289
314
311
296
287
303
291
319
289
296
320
297
305
300
300
305
307
311
286
299
308
293
333
292
319
300
292
288
307
308
299
291
292
310
308
305
299
305
298
283
282
285
290
293
304
317
320
303
296
311
292
309
294
305
310
303
313
292
308
292
287
308
297
282
311
332
290
295
311
284
295
312
297
307
286
299
294
304
315
292
315
289
287
306
304
298
302
297
293
341
339
256
303
295
290
306
307
301
300
326
288
273
288
325
284
308
322
274
325
297
316
261
324
301
304
315
302
321
290
273
309
303
312
300
297
356
268
297
311
347
256
296
323
320
299
272
311
280
304
307
306
308
303
301
312
303
292
306
292
326
303
284
313
306
318
297
302
329
267
302
324
324
265
284
317
325
330
261
326
294
289
304
298
288
306
315
333
260
304
307
328
262
310
318
305
304
277
343
261
295
352
272
274
319
326
310
303
300
299
297
323
265
315
308
306
330
296
293
275
321
307
296
307
267
321
314
257
299
313
307
305
293
293
307
307
296
286
295
307
299
311
300
310
272
294
319
309
330
267
310
311
317
277
308
257
316
348
296
259
289
324
306
298
309
296
304
303
300
307
295
301
305
303
301
302
301
302
302
300
299
302
307
301
299
302
302
303
302
302
302
301
301
302
302
301
300
302
303
301
302
302
303
302
302
302
302
302
301
302
302
302
301
302
302
300
300
303
302
302
302
302
302
301
301
301
302
301
301
301
302
301
302
302
301
303
301
301
302
302
303
301
302
302
302
301
302
301
302
302
302
302
302
302
301
302
301
303
302
302
301
302
302
301
302
301
302
301
301
302
302
301
302
302
302
301
302
302
302
301
301
302
302
301
302
301
302
302
301
301
301
302
302
302
302
302
302
302
301
302
302
301
301
301
301
301
301
302
302
302
301
302
302
302
301
301
301
302
302
301
301
301
302
302
302
301
302
302
301
302
302
302
303
302
302
302
303
301
301
302
301
301
302
302
301
301
302
302
301
302
301
301
301
301
302
301
301
301
302
301
302
301
301
301
302
301
301
301
301
302
302
302
302
302
301
301
301
301
302
301
302
301
301
301
301
303
301
302
302
302
302
301
302
301
302
303
302
302
301
301
301
302
302
301
302
301
301
301
301
303
302
301
303
301
301
302
302
302
301
301
302
302
302
301
301
302
301
302
302
301
301
302
301
302
302
301
301
302
301
301
302
302
301
302
302
301
303
302
302
302
301
301
301
302
302
301
302
301
301
303
301
302
305
298
301
304
298
298
306
306
294
299
309
307
297
304
302
307
302
298
289
305
315
302
291
289
312
306
304
299
287
311
311
291
294
298
268
337
320
290
319
274
272
325
286
303
302
301
300
322
242
248
319
326
348
330
241
351
342
134
349
392
284
333
305
338
262
267
298
425
245
272
317
341
277
238
303
383
265
269
332
360
171
369
312
301
312
244
340
321
260
335
347
256
275
260
244
376
322
293
232
346
313
162
318
374
236
258
456
116
338
250
268
366
502
48
206
454
262
378
247
295
252
308
356
359
287
308
239
234
372
385
277
293
237
364
400
332
221
345
162
280
405
308
148
314
312
255
320
402
112
391
297
283
320
273
309
227
271
384
320
306
331
278
195
313
391
234
217
393
442
192
195
430
269
170
368
378
228
261
411
306
334
218
309
369
368
178
133
394
321
467
237
205
540
213
267
283
357
299
191
294
269
250
334
362
305
181
267
387
327
216
260
378
402
178
352
272
345
223
347
314
328
187
284
370
251
173
304
376
288
296
338
197
354
304
379
261
365
326
267
297
315
272
316
331
279
301
344
293
260
293
350
271
308
292
270
305
316
291
291
326
282
272
298
333
294
294
307
290
361
250
316
354
251
334
282
347
286
288
302
304
318
256
317
305
307
333
258
327
328
305
255
315
309
294
313
302
305
311
308
299
299
283
373
281
304
284
282
298
293
313
319
295
295
290
328
318
271
303
309
297
285
311
293
314
312
290
313
305
289
298
283
331
333
267
290
295
309
300
314
298
291
294
321
312
305
305
289
272
335
307
282
314
262
324
315
284
291
288
319
278
313
314
306
291
280
333
309
286
291
309
300
310
300
287
323
297
293
297
305
287
311
309
297
309
295
288
306
302
316
301
304
316
292
295
299
284
318
311
282
312
295
294
348
301
280
306
301
291
304
303
274
301
339
282
275
337
289
290
298
307
307
301
301
304
307
303
277
329
299
286
307
339
295
273
301
310
311
292
290
309
306
287
347
290
315
275
324
316
290
295
296
308
311
294
301
295
324
310
292
302
293
287
347
301
286
296
312
297
292
297
317
294
298
305
305
305
310
299
295
308
296
307
299
300
301
304
297
306
306
297
304
272
313
314
312
289
293
298
299
303
303
301
298
302
302
303
292
302
309
304
320
293
296
285
312
318
289
298
301
298
306
307
300
300
300
307
302
297
299
308
292
335
297
283
313
313
294
304
299
300
304
303
302
299
299
306
297
318
302
286
311
296
294
297
309
294
300
306
308
298
298
305
303
301
310
313
291
303
302
296
302
303
302
284
316
311
289
301
304
297
303
302
300
301
300
305
300
304
298
302
298
297
316
309
300
295
297
301
309
300
302
284
316
303
296
305
280
320
305
298
303
294
303
307
305
300
294
304
305
299
306
288
316
297
292
306
300
296
314
299
293
294
299
303
328
295
293
294
315
301
297
299
298
311
302
295
304
315
300
282
325
298
292
302
302
299
299
302
309
299
299
301
306
300
299
303
297
300
298
315
302
286
296
320
291
295
320
312
300
288
318
299
296
304
299
301
296
322
283
297
319
302
302
294
281
334
305
296
292
298
306
311
309
296
289
322
296
293
300
299
299
297
303
313
300
299
297
297
300
316
312
274
294
322
308
293
289
298
310
303
299
292
288
322
311
310
313
286
307
294
294
318
309
282
311
304
296
297
305
309
303
295
279
311
320
298
302
297
298
298
306
281
326
303
289
297
322
305
290
304
303
286
313
295
306
303
297
289
304
311
276
319
310
298
297
301
298
295
310
300
298
295
311
304
288
312
303
295
302
299
305
295
297
303
303
299
306
295
299
306
308
293
301
276
311
322
290
298
297
296
298
300
308
298
298
306
298
301
315
300
298
297
274
326
309
288
299
304
302
303
301
298
311
296
303
297
301
305
298
304
294
307
305
325
312
303
288
300
311
292
306
307
303
294
305
303
281
317
304
297
317
307
300
290
303
307
301
299
304
300
300
307
289
318
298
285
319
289
301
318
308
293
294
301
294
321
300
296
308
308
290
306
312
284
303
307
313
297
302
307
293
305
300
301
282
304
299
307
304
299
299
299
291
327
289
302
307
299
303
307
292
309
302
295
291
302
307
303
313
277
305
315
292
329
280
293
308
301
297
304
304
305
303
303
295
331
298
315
264
294
304
290
320
288
291
316
308
303
311
287
290
315
332
269
306
304
320
290
311
267
307
304
307
302
292
316
288
288
305
311
309
287
298
299
301
300
303
279
304
291
318
293
297
318
309
295
296
306
305
309
289
325
290
318
357
222
295
322
301
319
252
331
304
360
255
332
318
296
362
252
323
329
332
260
332
297
315
306
310
245
305
316
319
282
278
352
298
351
257
299
330
311
317
284
309
311
291
294
294
320
332
290
298
296
328
293
288
315
318
285
293
308
306
308
308
294
294
306
305
284
304
310
311
288
285
298
305
302
308
304
300
296
304
304
295
300
300
306
302
300
302
301
308
292
301
303
305
302
301
300
302
302
301
302
301
301
302
302
302
303
303
299
301
302
303
297
302
302
302
302
302
301
302
301
301
302
300
301
302
301
302
301
301
301
301
302
302
301
301
302
302
302
301
302
301
302
301
302
301
302
301
301
303
302
302
300
301
301
301
301
302
302
301
303
302
302
301
302
302
302
302
302
302
302
302
301
301
301
301
301
302
302
302
301
301
301
301
302
302
301
302
301
302
302
301
300
303
302
301
301
301
302
302
302
301
301
301
302
301
302
302
302
301
301
302
302
302
301
302
302
301
301
302
302
302
302
301
301
301
303
301
301
301
302
302
301
302
302
301
302
301
302
302
302
301
301
302
301
302
302
301
301
302
301
301
302
301
301
302
302
302
302
301
303
301
302
301
301
302
301
302
302
302
301
302
302
302
302
301
302
301
301
301
301
301
302
301
302
302
301
302
301
301
302
302
302
302
302
302
301
302
302
301
302
302
302
302
301
302
301
302
302
300
302
302
301
302
301
302
302
301
301
301
302
301
302
302
301
302
301
301
302
301
302
301
302
302
302
301
302
301
302
302
302
302
302
301
301
302
301
301
302
302
301
302
302
302
302
301
302
301
301
302
302
301
301
302
303
300
300
302
303
302
303
299
303
301
304
303
297
299
309
300
297
309
304
302
312
287
310
302
303
318
290
308
283
331
277
300
291
306
297
309
277
341
261
333
306
321
246
376
254
338
289
268
365
203
336
363
266
338
294
378
215
305
284
340
289
343
235
379
286
340
234
408
233
323
372
164
361
363
251
304
313
340
265
314
314
271
389
235
266
336
321
254
372
222
327
344
443
144
356
259
366
298
318
273
267
370
287
443
280
225
269
299
403
108
209
379
244
274
371
335
267
386
114
482
279
375
264
239
266
309
415
220
204
313
311
408
236
244
313
267
361
252
280
368
328
483
189
373
223
327
293
339
242
243
221
272
329
357
192
268
475
166
308
497
204
235
334
347
142
294
395
267
297
269
309
380
317
336
262
285
179
304
375
288
292
336
338
245
277
333
261
270
304
305
277
279
286
328
283
253
329
315
208
302
360
284
280
306
331
285
292
312
301
297
320
316
262
282
293
320
316
259
322
278
325
303
256
311
298
308
307
310
267
300
315
332
287
314
273
346
259
308
318
275
307
311
291
313
327
285
293
304
327
280
291
325
313
304
277
308
284
326
320
303
296
308
322
297
309
340
311
259
293
339
308
308
302
239
291
331
321
282
265
312
309
276
316
312
274
335
354
264
300
284
303
303
308
287
289
303
290
338
304
319
308
285
318
314
263
314
321
265
328
340
281
308
298
290
295
314
303
315
274
323
320
260
338
283
294
276
342
310
298
287
293
293
312
285
319
312
285
305
279
328
327
301
275
281
309
312
288
319
294
329
300
299
299
286
297
327
275
312
311
280
296
319
301
311
288
299
290
296
335
324
287
267
305
311
319
296
310
287
290
298
283
357
302
280
302
290
281
367
304
280
295
299
295
328
316
298
284
328
293
302
297
296
318
296
281
320
307
262
319
328
284
309
317
288
296
295
320
294
301
293
309
304
294
296
327
292
299
286
274
344
300
288
299
302
301
309
295
281
322
335
287
293
298
301
310
299
304
298
294
327
296
284
309
290
319
293
326
296
293
303
300
300
304
301
301
303
307
307
299
285
341
291
296
298
297
305
299
285
308
313
307
291
297
294
338
282
305
301
293
294
310
303
304
305
305
291
312
284
314
291
314
310
290
303
290
306
288
295
337
286
272
326
291
282
323
288
287
317
296
311
317
328
276
298
268
323
315
305
279
283
306
326
288
305
310
299
290
328
290
303
309
272
327
300
272
305
321
295
290
304
303
298
283
313
297
308
284
299
312
327
284
286
294
309
295
316
299
301
292
331
295
293
302
303
277
327
304
295
311
300
263
333
280
328
306
279
311
293
306
296
316
301
291
299
312
295
297
317
318
287
289
317
295
310
301
292
296
298
304
303
293
319
304
302
286
326
289
300
305
296
297
300
301
305
299
300
290
314
307
297
289
305
322
297
287
310
303
299
305
307
302
304
299
298
304
303
300
311
318
290
275
322
312
292
289
322
297
293
301
287
341
299
290
295
286
363
307
306
288
291
285
304
314
314
289
292
298
294
299
316
302
292
289
295
313
302
294
299
312
306
285
311
299
313
313
288
296
306
296
302
309
302
289
314
308
304
296
293
306
304
301
263
333
323
289
294
300
302
302
292
317
297
297
308
307
297
292
307
297
304
298
307
302
293
306
299
307
307
304
292
303
315
287
308
306
288
303
309
306
292
302
304
302
299
299
299
301
312
304
299
318
302
292
305
302
314
303
296
294
305
303
303
300
301
289
320
298
300
306
313
292
301
305
300
295
302
298
307
288
317
302
306
310
296
279
323
295
304
301
311
300
306
298
321
286
291
286
307
313
293
309
295
298
287
300
316
295
312
295
300
302
299
304
298
301
309
306
295
303
299
305
289
315
297
313
291
306
306
304
297
290
300
322
313
276
317
273
335
321
306
284
295
307
313
312
298
298
285
320
314
305
277
333
282
282
328
282
289
316
309
286
307
315
297
315
283
263
309
334
294
302
280
299
305
308
325
287
289
308
306
304
294
306
310
354
253
266
381
280
279
324
301
282
292
312
382
249
232
398
270
292
357
303
275
320
297
318
301
271
262
334
332
304
244
284
338
343
296
334
258
302
320
301
309
298
285
295
307
327
311
222
306
329
323
306
298
293
323
263
286
335
282
293
292
309
321
287
299
311
305
303
304
309
297
298
278
290
361
236
292
331
305
289
308
307
301
305
295
299
297
304
309
302
287
299
304
301
306
305
294
304
304
303
301
302
301
301
301
301
302
300
302
301
301
302
302
302
302
301
302
301
301
302
303
302
301
301
301
302
301
302
302
301
301
302
302
302
301
301
301
302
302
302
302
301
302
302
302
302
301
302
302
302
302
301
302
301
301
301
302
302
302
302
302
302
302
301
302
301
301
302
302
302
302
302
302
302
302
302
302
301
302
301
302
301
302
302
302
302
302
302
301
302
302
301
302
302
302
302
302
301
302
302
301
302
302
300
302
302
302
302
302
301
301
303
302
301
302
302
301
302
301
301
302
301
302
302
302
303
301
301
302
302
301
301
301
302
302
302
302
301
301
302
301
301
301
302
302
302
301
302
301
301
301
301
302
302
301
302
302
301
302
301
302
302
302
302
301
302
302
302
301
301
303
302
301
302
302
301
301
302
301
302
301
301
302
302
301
301
302
301
302
302
302
301
302
301
302
301
301
302
301
302
302
302
303
302
302
300
302
301
302
